0	7	0
0.221470199	7	0
0.313427917	7.001449311	0
0.38414711	7.003006378	0
0.443898358	7.004597938	0
0.4966564	7.00620071	0
0.544458019	7.007804306	0
0.588512157	7.009403203	0
0.629605859	7.010994125	0
0.668285357	7.012574977	0
0.704948031	7.01414435	0
0.739893623	7.015701253	0
0.773354806	7.017244971	0
0.805516459	7.018774974	0
0.836528355	7.020290863	0
0.866513824	7.021792332	0
0.895575847	7.023279147	0
0.92380146	7.024751125	0
0.951265001	7.026208122	0
0.978030554	7.02765003	0
1.004153823	7.029076761	0
1.029683582	7.030488251	0
1.054662826	7.031884449	0
1.079129679	7.033265318	0
1.103118132	7.034630833	0
1.126658644	7.035980978	0
1.14977863	7.037315743	0
1.17250287	7.038635124	0
1.194853849	7.039939124	0
1.216852044	7.04122775	0
1.238516162	7.042501012	0
1.259863349	7.043758923	0
1.280909364	7.045001501	0
1.30166873	7.046228763	0
1.322154865	7.047440731	0
1.342380198	7.048637426	0
1.362356263	7.049818873	0
1.382093789	7.050985098	0
1.401602776	7.052136125	0
1.420892562	7.053271982	0
1.43997188	7.054392698	0
1.458848914	7.0554983	0
1.477531345	7.056588818	0
1.496026391	7.057664282	0
1.514340849	7.058724721	0
1.532481123	7.059770166	0
1.55045326	7.060800647	0
1.568262971	7.061816196	0
1.585915663	7.062816841	0
1.603416457	7.063802616	0
1.620770209	7.06477355	0
1.637981528	7.065729676	0
1.655054796	7.066671023	0
1.67199418	7.067597622	0
1.688803647	7.068509506	0
1.705486978	7.069406704	0
1.722047781	7.070289247	0
1.738489499	7.071157167	0
1.754815419	7.072010492	0
1.771028688	7.072849255	0
1.787132314	7.073673484	0
1.80312918	7.074483211	0
1.819022047	7.075278464	0
1.834813562	7.076059274	0
1.850506266	7.07682567	0
1.866102598	7.077577681	0
1.881604903	7.078315336	0
1.897015432	7.079038664	0
1.912336353	7.079747693	0
1.92756975	7.080442453	0
1.942717633	7.081122971	0
1.957781936	7.081789274	0
1.972764524	7.082441392	0
1.987667195	7.083079351	0
2.002491686	7.083703177	0
2.01723967	7.0843129	0
2.031912767	7.084908544	0
2.046512539	7.085490136	0
2.061040498	7.086057704	0
2.075498105	7.086611272	0
2.089886775	7.087150866	0
2.104207874	7.087676512	0
2.11846273	7.088188236	0
2.132652624	7.088686061	0
2.146778801	7.089170013	0
2.160842465	7.089640117	0
2.174844785	7.090096396	0
2.188786896	7.090538875	0
2.202669897	7.090967577	0
2.216494856	7.091382526	0
2.23026281	7.091783746	0
2.243974765	7.092171258	0
2.257631701	7.092545087	0
2.271234567	7.092905254	0
2.284784289	7.093251782	0
2.298281765	7.093584693	0
2.31172787	7.093904009	0
2.325123454	7.094209752	0
2.338469344	7.094501942	0
2.351766348	7.094780601	0
2.36501525	7.09504575	0
2.378216814	7.09529741	0
2.391371786	7.095535601	0
2.40448089	7.095760343	0
2.417544834	7.095971656	0
2.430564308	7.096169561	0
2.443539985	7.096354076	0
2.456472519	7.096525221	0
2.469362552	7.096683015	0
2.482210708	7.096827478	0
2.495017595	7.096958627	0
2.50778381	7.097076481	0
2.520509933	7.097181058	0
2.533196531	7.097272377	0
2.545844159	7.097350456	0
2.558453358	7.097415311	0
2.571024657	7.097466961	0
2.583558573	7.097505422	0
2.596055612	7.097530712	0
2.608516267	7.097542847	0
2.620941024	7.097541844	0
2.633330352	7.097527719	0
2.645684717	7.097500489	0
2.658004568	7.09746017	0
2.67029035	7.097406777	0
2.682542496	7.097340326	0
2.694761429	7.097260833	0
2.706947566	7.097168312	0
2.719101311	7.097062779	0
2.731223064	7.096944248	0
2.743313214	7.096812735	0
2.755372144	7.096668253	0
2.767400227	7.096510818	0
2.77939783	7.096340442	0
2.791365312	7.096157141	0
2.803303027	7.095960927	0
2.815211319	7.095751815	0
2.827090525	7.095529817	0
2.83894098	7.095294948	0
2.850763007	7.095047219	0
2.862556926	7.094786644	0
2.874323051	7.094513236	0
2.886061687	7.094227007	0
2.897773138	7.09392797	0
2.909457697	7.093616136	0
2.921115656	7.093291517	0
2.9327473	7.092954126	0
2.944352907	7.092603974	0
2.955932753	7.092241073	0
2.967487106	7.091865434	0
2.979016232	7.091477068	0
2.990520389	7.091075987	0
3.001999834	7.0906622	0
3.013454817	7.09023572	0
3.024885583	7.089796555	0
3.036292375	7.089344718	0
3.047675431	7.088880218	0
3.059034983	7.088403065	0
3.070371261	7.087913268	0
3.081684491	7.087410839	0
3.092974894	7.086895787	0
3.104242687	7.08636812	0
3.115488086	7.085827849	0
3.1267113	7.085274982	0
3.137912537	7.084709529	0
3.149091999	7.084131498	0
3.160249887	7.083540899	0
3.171386398	7.082937739	0
3.182501725	7.082322028	0
3.193596058	7.081693774	0
3.204669585	7.081052984	0
3.21572249	7.080399668	0
3.226754954	7.079733832	0
3.237767155	7.079055485	0
3.248759269	7.078364634	0
3.259731468	7.077661287	0
3.270683923	7.076945451	0
3.2816168	7.076217134	0
3.292530264	7.075476342	0
3.303424477	7.074723082	0
3.314299598	7.073957362	0
3.325155785	7.073179188	0
3.335993191	7.072388567	0
3.346811969	7.071585504	0
3.357612269	7.070770007	0
3.368394238	7.069942082	0
3.379158022	7.069101734	0
3.389903763	7.06824897	0
3.400631602	7.067383795	0
3.411341678	7.066506215	0
3.422034128	7.065616236	0
3.432709085	7.064713864	0
3.443366684	7.063799102	0
3.454007054	7.062871958	0
3.464630324	7.061932435	0
3.475236621	7.060980539	0
3.485826069	7.060016275	0
3.496398792	7.059039647	0
3.506954912	7.05805066	0
3.517494546	7.057049319	0
3.528017814	7.056035628	0
3.538524831	7.055009591	0
3.549015711	7.053971212	0
3.559490568	7.052920495	0
3.569949513	7.051857445	0
3.580392654	7.050782065	0
3.590820099	7.049694359	0
3.601231957	7.048594331	0
3.61162833	7.047481983	0
3.622009322	7.04635732	0
3.632375036	7.045220345	0
3.642725572	7.04407106	0
3.653061028	7.042909469	0
3.663381504	7.041735575	0
3.673687094	7.040549381	0
3.683977894	7.039350889	0
3.694253997	7.038140102	0
3.704515497	7.036917023	0
3.714762483	7.035681654	0
3.724995046	7.034433997	0
3.735213275	7.033174054	0
3.745417255	7.031901829	0
3.755607075	7.030617322	0
3.765782818	7.029320535	0
3.775944569	7.028011471	0
3.78609241	7.026690132	0
3.796226423	7.025356518	0
3.806346687	7.024010631	0
3.816453283	7.022652473	0
3.826546288	7.021282045	0
3.83662578	7.019899349	0
3.846691835	7.018504385	0
3.856744527	7.017097154	0
3.866783932	7.015677658	0
3.876810121	7.014245896	0
3.886823168	7.012801871	0
3.896823143	7.011345583	0
3.906810116	7.009877031	0
3.916784157	7.008396217	0
3.926745333	7.006903142	0
3.936693713	7.005397804	0
3.946629362	7.003880205	0
3.956552347	7.002350345	0
3.966462731	7.000808223	0
3.976360579	6.99925384	0
3.986245954	6.997687195	0
3.996118918	6.996108288	0
4.005979532	6.994517119	0
4.015827856	6.992913687	0
4.025663951	6.991297992	0
4.035487875	6.989670033	0
4.045299686	6.988029809	0
4.055099442	6.98637732	0
4.064887199	6.984712565	0
4.074663013	6.983035542	0
4.084426939	6.981346251	0
4.094179031	6.979644691	0
4.103919343	6.97793086	0
4.113647928	6.976204757	0
4.123364839	6.974466381	0
4.133070125	6.97271573	0
4.142763839	6.970952802	0
4.15244603	6.969177596	0
4.162116748	6.967390111	0
4.171776042	6.965590344	0
4.181423959	6.963778293	0
4.191060548	6.961953957	0
4.200685855	6.960117334	0
4.210299926	6.95826842	0
4.219902807	6.956407215	0
4.229494543	6.954533716	0
4.239075178	6.95264792	0
4.248644756	6.950749825	0
4.258203321	6.948839428	0
4.267750914	6.946916727	0
4.277287578	6.944981719	0
4.286813355	6.943034401	0
4.296328285	6.941074771	0
4.305832408	6.939102825	0
4.315325765	6.937118561	0
4.324808394	6.935121975	0
4.334280335	6.933113064	0
4.343741625	6.931091825	0
4.353192302	6.929058255	0
4.362632404	6.92701235	0
4.372061966	6.924954106	0
4.381481025	6.922883521	0
4.390889617	6.92080059	0
4.400287776	6.91870531	0
4.409675538	6.916597677	0
4.419052936	6.914477687	0
4.428420005	6.912345336	0
4.437776776	6.91020062	0
4.447123284	6.908043536	0
4.45645956	6.905874078	0
4.465785635	6.903692244	0
4.475101542	6.901498027	0
4.484407312	6.899291425	0
4.493702973	6.897072432	0
4.502988558	6.894841044	0
4.512264095	6.892597256	0
4.521529613	6.890341065	0
4.530785141	6.888072464	0
4.540030707	6.885791449	0
4.549266339	6.883498016	0
4.558492065	6.881192159	0
4.567707912	6.878873874	0
4.576913906	6.876543154	0
4.586110073	6.874199996	0
4.59529644	6.871844393	0
4.604473032	6.869476341	0
4.613639873	6.867095833	0
4.622796989	6.864702865	0
4.631944403	6.862297432	0
4.64108214	6.859879526	0
4.650210224	6.857449144	0
4.659328676	6.855006278	0
4.668437521	6.852550924	0
4.677536781	6.850083075	0
4.686626476	6.847602725	0
4.695706631	6.845109869	0
4.704777265	6.8426045	0
4.713838399	6.840086612	0
4.722890055	6.837556199	0
4.731932253	6.835013254	0
4.740965012	6.832457772	0
4.749988353	6.829889745	0
4.759002294	6.827309168	0
4.768006854	6.824716033	0
4.777002053	6.822110335	0
4.785987908	6.819492065	0
4.794964437	6.816861219	0
4.803931659	6.814217788	0
4.81288959	6.811561766	0
4.821838247	6.808893145	0
4.830777648	6.80621192	0
4.839707808	6.803518082	0
4.848628744	6.800811624	0
4.857540471	6.79809254	0
4.866443005	6.795360822	0
4.875336361	6.792616463	0
4.884220554	6.789859454	0
4.893095599	6.787089789	0
4.90196151	6.78430746	0
4.910818301	6.78151246	0
4.919665985	6.77870478	0
4.928504577	6.775884413	0
4.937334088	6.773051351	0
4.946154533	6.770205586	0
4.954965924	6.767347111	0
4.963768272	6.764475916	0
4.972561591	6.761591995	0
4.981345891	6.758695338	0
4.990121185	6.755785938	0
4.998887483	6.752863787	0
5.007644797	6.749928875	0
5.016393137	6.746981195	0
5.025132513	6.744020737	0
5.033862937	6.741047494	0
5.042584417	6.738061457	0
5.051296963	6.735062618	0
5.060000585	6.732050966	0
5.068695292	6.729026494	0
5.077381093	6.725989192	0
5.086057996	6.722939053	0
5.094726011	6.719876066	0
5.103385144	6.716800222	0
5.112035403	6.713711513	0
5.120676798	6.710609929	0
5.129309334	6.707495461	0
5.137933019	6.704368099	0
5.14654786	6.701227835	0
5.155153864	6.698074659	0
5.163751037	6.69490856	0
5.172339386	6.69172953	0
5.180918915	6.688537559	0
5.189489632	6.685332637	0
5.198051542	6.682114755	0
5.206604649	6.678883902	0
5.215148959	6.675640068	0
5.223684477	6.672383244	0
5.232211208	6.66911342	0
5.240729155	6.665830585	0
5.249238323	6.662534729	0
5.257738716	6.659225842	0
5.266230338	6.655903914	0
5.274713192	6.652568934	0
5.283187281	6.649220892	0
5.291652609	6.645859777	0
5.300109178	6.642485579	0
5.308556991	6.639098287	0
5.31699605	6.635697891	0
5.325426358	6.632284379	0
5.333847917	6.628857741	0
5.342260728	6.625417966	0
5.350664793	6.621965042	0
5.359060113	6.61849896	0
5.36744669	6.615019708	0
5.375824525	6.611527274	0
5.384193617	6.608021647	0
5.392553969	6.604502817	0
5.40090558	6.600970772	0
5.40924845	6.5974255	0
5.417582579	6.59386699	0
5.425907967	6.59029523	0
5.434224614	6.586710209	0
5.442532519	6.583111915	0
5.450831681	6.579500336	0
5.459122098	6.575875461	0
5.467403771	6.572237278	0
5.475676697	6.568585775	0
5.483940875	6.564920939	0
5.492196303	6.561242758	0
5.500442978	6.557551222	0
5.508680899	6.553846316	0
5.516910064	6.55012803	0
5.525130469	6.54639635	0
5.533342112	6.542651265	0
5.541544991	6.538892762	0
5.549739101	6.535120828	0
5.557924439	6.53133545	0
5.566101003	6.527536617	0
5.574268787	6.523724315	0
5.582427789	6.519898532	0
5.590578004	6.516059254	0
5.598719429	6.512206469	0
5.606852057	6.508340163	0
5.614975886	6.504460325	0
5.62309091	6.50056694	0
5.631197124	6.496659995	0
5.639294523	6.492739477	0
5.647383101	6.488805373	0
5.655462853	6.48485767	0
5.663533774	6.480896353	0
5.671595857	6.47692141	0
5.679649096	6.472932826	0
5.687693485	6.468930589	0
5.695729018	6.464914684	0
5.703755688	6.460885097	0
5.711773488	6.456841815	0
5.719782412	6.452784823	0
5.727782451	6.448714109	0
5.7357736	6.444629656	0
5.743755849	6.440531453	0
5.751729192	6.436419483	0
5.759693621	6.432293733	0
5.767649128	6.428154189	0
5.775595705	6.424000836	0
5.783533342	6.41983366	0
5.791462032	6.415652646	0
5.799381767	6.411457779	0
5.807292536	6.407249044	0
5.815194331	6.403026428	0
5.823087144	6.398789915	0
5.830970963	6.394539489	0
5.838845781	6.390275137	0
5.846711587	6.385996843	0
5.854568371	6.381704592	0
5.862416123	6.377398368	0
5.870254833	6.373078157	0
5.87808449	6.368743943	0
5.885905085	6.36439571	0
5.893716605	6.360033444	0
5.901519041	6.355657128	0
5.909312381	6.351266747	0
5.917096614	6.346862285	0
5.924871729	6.342443727	0
5.932637713	6.338011055	0
5.940394555	6.333564256	0
5.948142244	6.329103312	0
5.955880766	6.324628207	0
5.963610111	6.320138926	0
5.971330265	6.315635452	0
5.979041215	6.311117768	0
5.98674295	6.306585859	0
5.994435455	6.302039708	0
6.002118719	6.297479297	0
6.009792728	6.292904612	0
6.017457467	6.288315634	0
6.025112924	6.283712348	0
6.032759086	6.279094736	0
6.040395937	6.274462781	0
6.048023464	6.269816467	0
6.055641653	6.265155776	0
6.063250488	6.260480691	0
6.070849957	6.255791195	0
6.078440043	6.251087271	0
6.086020732	6.246368901	0
6.093592009	6.241636067	0
6.101153858	6.236888753	0
6.108706265	6.23212694	0
6.116249212	6.227350611	0
6.123782686	6.222559748	0
6.131306669	6.217754333	0
6.138821146	6.212934347	0
6.146326101	6.208099775	0
6.153821516	6.203250595	0
6.161307376	6.198386792	0
6.168783663	6.193508346	0
6.176250361	6.188615239	0
6.183707453	6.183707453	0
6.191154921	6.178784969	0
6.198592748	6.173847768	0
6.206020916	6.168895832	0
6.213439408	6.163929141	0
6.220848205	6.158947678	0
6.22824729	6.153951423	0
6.235636644	6.148940356	0
6.243016248	6.14391446	0
6.250386085	6.138873714	0
6.257746135	6.133818099	0
6.26509638	6.128747596	0
6.2724368	6.123662185	0
6.279767376	6.118561848	0
6.287088088	6.113446563	0
6.294398918	6.108316312	0
6.301699845	6.103171074	0
6.308990849	6.098010829	0
6.31627191	6.092835558	0
6.323543007	6.087645241	0
6.330804121	6.082439856	0
6.338055231	6.077219385	0
6.345296315	6.071983805	0
6.352527354	6.066733098	0
6.359748325	6.061467242	0
6.366959207	6.056186217	0
6.374159979	6.050890001	0
6.38135062	6.045578575	0
6.388531106	6.040251916	0
6.395701417	6.034910005	0
6.40286153	6.029552819	0
6.410011423	6.024180338	0
6.417151073	6.01879254	0
6.424280457	6.013389403	0
6.431399553	6.007970907	0
6.438508337	6.002537029	0
6.445606787	5.997087748	0
6.452694878	5.991623041	0
6.459772588	5.986142888	0
6.466839892	5.980647265	0
6.473896766	5.975136151	0
6.480943186	5.969609524	0
6.487979129	5.96406736	0
6.495004569	5.958509638	0
6.502019482	5.952936335	0
6.509023842	5.947347428	0
6.516017626	5.941742894	0
6.523000807	5.936122711	0
6.52997336	5.930486856	0
6.53693526	5.924835305	0
6.543886481	5.919168035	0
6.550826997	5.913485023	0
6.557756782	5.907786246	0
6.564675809	5.902071679	0
6.571584052	5.8963413	0
6.578481485	5.890595084	0
6.585368079	5.884833008	0
6.592243809	5.879055047	0
6.599108648	5.873261177	0
6.605962566	5.867451375	0
6.612805538	5.861625615	0
6.619637535	5.855783874	0
6.626458529	5.849926126	0
6.633268492	5.844052348	0
6.640067395	5.838162514	0
6.646855211	5.832256599	0
6.653631909	5.826334578	0
6.660397462	5.820396426	0
6.66715184	5.814442118	0
6.673895013	5.808471628	0
6.680626953	5.802484931	0
6.687347628	5.796482001	0
6.69405701	5.790462813	0
6.700755069	5.784427339	0
6.707441773	5.778375555	0
6.714117092	5.772307434	0
6.720780996	5.76622295	0
6.727433454	5.760122076	0
6.734074434	5.754004785	0
6.740703905	5.747871052	0
6.747321835	5.741720849	0
6.753928193	5.735554149	0
6.760522947	5.729370925	0
6.767106064	5.72317115	0
6.773677512	5.716954796	0
6.780237259	5.710721836	0
6.786785272	5.704472243	0
6.793321517	5.698205988	0
6.799845962	5.691923043	0
6.806358572	5.685623381	0
6.812859315	5.679306973	0
6.819348157	5.672973791	0
6.825825062	5.666623807	0
6.832289998	5.66025699	0
6.838742929	5.653873314	0
6.845183821	5.647472749	0
6.851612639	5.641055265	0
6.858029347	5.634620834	0
6.864433911	5.628169426	0
6.870826294	5.621701012	0
6.87720646	5.615215561	0
6.883574374	5.608713044	0
6.88993	5.602193431	0
6.8962733	5.595656692	0
6.902604238	5.589102797	0
6.908922776	5.582531714	0
6.915228879	5.575943413	0
6.921522508	5.569337864	0
6.927803625	5.562715035	0
6.934072193	5.556074895	0
6.940328173	5.549417413	0
6.946571528	5.542742557	0
6.952802217	5.536050296	0
6.959020203	5.529340598	0
6.965225446	5.522613431	0
6.971417908	5.515868762	0
6.977597547	5.509106559	0
6.983764325	5.502326791	0
6.989918201	5.495529423	0
6.996059135	5.488714423	0
7.002187087	5.481881758	0
7.008302014	5.475031395	0
7.014403877	5.4681633	0
7.020492634	5.46127744	0
7.026568243	5.45437378	0
7.032630663	5.447452287	0
7.038679851	5.440512927	0
7.044715764	5.433555665	0
7.05073836	5.426580466	0
7.056747597	5.419587297	0
7.062743431	5.41257612	0
7.068725817	5.405546903	0
7.074694714	5.398499608	0
7.080650076	5.391434201	0
7.086591859	5.384350646	0
7.092520019	5.377248906	0
7.098434511	5.370128946	0
7.10433529	5.362990729	0
7.11022231	5.355834218	0
7.116095525	5.348659377	0
7.12195489	5.341466168	0
7.127800358	5.334254554	0
7.133631883	5.327024497	0
7.139449418	5.319775961	0
7.145252916	5.312508906	0
7.151042329	5.305223295	0
7.156817609	5.297919089	0
7.162578709	5.29059625	0
7.168325579	5.283254738	0
7.174058173	5.275894515	0
7.179776439	5.268515541	0
7.18548033	5.261117776	0
7.191169796	5.253701181	0
7.196844786	5.246265715	0
7.202505251	5.238811339	0
7.20815114	5.231338011	0
7.213782402	5.22384569	0
7.219398986	5.216334336	0
7.22500084	5.208803908	0
7.230587913	5.201254362	0
7.236160153	5.193685659	0
7.241717506	5.186097755	0
7.247259921	5.178490607	0
7.252787344	5.170864174	0
7.258299721	5.163218413	0
7.263796999	5.155553279	0
7.269279123	5.14786873	0
7.27474604	5.140164721	0
7.280197693	5.132441209	0
7.285634029	5.124698149	0
7.29105499	5.116935497	0
7.296460522	5.109153207	0
7.301850568	5.101351234	0
7.307225071	5.093529532	0
7.312583974	5.085688056	0
7.31792722	5.07782676	0
7.32325475	5.069945596	0
7.328566508	5.062044519	0
7.333862434	5.054123481	0
7.339142469	5.046182434	0
7.344406553	5.03822133	0
7.349654628	5.030240123	0
7.354886633	5.022238762	0
7.360102507	5.0142172	0
7.36530219	5.006175386	0
7.37048562	4.998113273	0
7.375652736	4.990030809	0
7.380803475	4.981927945	0
7.385937774	4.973804631	0
7.391055571	4.965660814	0
7.396156803	4.957496445	0
7.401241405	4.949311471	0
7.406309313	4.94110584	0
7.411360462	4.932879501	0
7.416394788	4.9246324	0
7.421412225	4.916364484	0
7.426412706	4.9080757	0
7.431396165	4.899765994	0
7.436362535	4.891435311	0
7.441311749	4.883083597	0
7.446243739	4.874710796	0
7.451158436	4.866316854	0
7.456055772	4.857901715	0
7.460935677	4.849465321	0
7.465798081	4.841007616	0
7.470642915	4.832528543	0
7.475470107	4.824028044	0
7.480279587	4.815506062	0
7.485071282	4.806962537	0
7.489845119	4.79839741	0
7.494601028	4.789810623	0
7.499338933	4.781202115	0
7.504058761	4.772571827	0
7.508760437	4.763919696	0
7.513443888	4.755245662	0
7.518109037	4.746549662	0
7.522755808	4.737831636	0
7.527384125	4.729091519	0
7.53199391	4.720329249	0
7.536585087	4.711544761	0
7.541157576	4.702737992	0
7.545711299	4.693908876	0
7.550246177	4.685057348	0
7.554762129	4.676183342	0
7.559259075	4.667286792	0
7.563736934	4.658367631	0
7.568195624	4.64942579	0
7.572635062	4.640461203	0
7.577055165	4.631473799	0
7.581455851	4.622463511	0
7.585837034	4.613430267	0
7.590198629	4.604373998	0
7.594540552	4.595294633	0
7.598862715	4.586192099	0
7.603165032	4.577066324	0
7.607447416	4.567917236	0
7.611709777	4.558744761	0
7.615952028	4.549548824	0
7.620174078	4.540329352	0
7.624375836	4.531086267	0
7.628557213	4.521819495	0
7.632718116	4.512528957	0
7.636858453	4.503214577	0
7.640978131	4.493876277	0
7.645077054	4.484513977	0
7.64915513	4.475127597	0
7.653212261	4.465717057	0
7.657248353	4.456282277	0
7.661263307	4.446823173	0
7.665257027	4.437339664	0
7.669229412	4.427831666	0
7.673180365	4.418299094	0
7.677109784	4.408741864	0
7.681017568	4.39915989	0
7.684903616	4.389553085	0
7.688767824	4.379921362	0
7.69261009	4.370264633	0
7.696430307	4.360582807	0
7.700228371	4.350875796	0
7.704004176	4.341143508	0
7.707757614	4.331385852	0
7.711488577	4.321602735	0
7.715196956	4.311794063	0
7.71888264	4.301959742	0
7.722545519	4.292099676	0
7.726185481	4.282213768	0
7.729802412	4.272301923	0
7.7333962	4.26236404	0
7.736966727	4.252400021	0
7.74051388	4.242409765	0
7.744037539	4.232393171	0
7.747537589	4.222350136	0
7.751013908	4.212280557	0
7.754466377	4.202184329	0
7.757894875	4.192061347	0
7.761299278	4.181911503	0
7.764679464	4.171734689	0
7.768035307	4.161530797	0
7.771366682	4.151299716	0
7.774673461	4.141041335	0
7.777955516	4.13075554	0
7.781212717	4.120442219	0
7.784444934	4.110101255	0
7.787652035	4.099732533	0
7.790833886	4.089335934	0
7.793990353	4.07891134	0
7.797121299	4.06845863	0
7.800226588	4.057977682	0
7.80330608	4.047468374	0
7.806359637	4.03693058	0
7.809387116	4.026364176	0
7.812388375	4.015769033	0
7.81536327	4.005145023	0
7.818311654	3.994492016	0
7.821233382	3.983809878	0
7.824128303	3.973098479	0
7.826996268	3.962357681	0
7.829837126	3.951587349	0
7.832650723	3.940787344	0
7.835436903	3.929957527	0
7.838195511	3.919097756	0
7.840926389	3.908207887	0
7.843629376	3.897287776	0
7.846304311	3.886337276	0
7.84895103	3.875356239	0
7.851569369	3.864344513	0
7.854159161	3.853301946	0
7.856720236	3.842228385	0
7.859252425	3.831123673	0
7.861755555	3.819987652	0
7.864229452	3.808820161	0
7.866673939	3.797621039	0
7.869088838	3.78639012	0
7.871473968	3.77512724	0
7.873829148	3.763832228	0
7.876154192	3.752504914	0
7.878448915	3.741145125	0
7.880713127	3.729752685	0
7.882946638	3.718327417	0
7.885149253	3.70686914	0
7.887320778	3.695377672	0
7.889461015	3.683852827	0
7.891569764	3.672294418	0
7.893646821	3.660702255	0
7.895691982	3.649076145	0
7.897705039	3.637415891	0
7.899685781	3.625721297	0
7.901633997	3.61399216	0
7.90354947	3.602228277	0
7.905431982	3.59042944	0
7.907281313	3.57859544	0
7.909097238	3.566726064	0
7.910879531	3.554821095	0
7.912627963	3.542880315	0
7.9143423	3.530903501	0
7.916022308	3.518890427	0
7.917667746	3.506840864	0
7.919278375	3.494754579	0
7.920853948	3.482631336	0
7.922394216	3.470470895	0
7.923898929	3.458273014	0
7.925367831	3.446037443	0
7.926800663	3.433763934	0
7.928197162	3.42145223	0
7.929557064	3.409102072	0
7.930880097	3.396713198	0
7.932165988	3.384285339	0
7.93341446	3.371818225	0
7.934625231	3.359311578	0
7.935798016	3.346765119	0
7.936932525	3.334178563	0
7.938028463	3.321551618	0
7.939085533	3.308883992	0
7.940103431	3.296175383	0
7.94108185	3.283425486	0
7.942020477	3.270633993	0
7.942918997	3.257800588	0
7.943777087	3.244924949	0
7.94459442	3.23200675	0
7.945370664	3.21904566	0
7.946105482	3.206041341	0
7.946798532	3.192993447	0
7.947449465	3.17990163	0
7.948057927	3.166765533	0
7.94862356	3.153584792	0
7.949145997	3.140359039	0
7.949624868	3.127087896	0
7.950059794	3.11377098	0
7.950450391	3.100407901	0
7.950796268	3.086998261	0
7.951097029	3.073541653	0
7.951352268	3.060037664	0
7.951561574	3.046485874	0
7.95172453	3.032885851	0
7.951840707	3.019237159	0
7.951909674	3.005539349	0
7.951930987	2.991791967	0
7.951904198	2.977994547	0
7.951828848	2.964146615	0
7.951704471	2.950247687	0
7.951530591	2.936297268	0
7.951306724	2.922294854	0
7.951032376	2.90823993	0
7.950707044	2.894131969	0
7.950330215	2.879970435	0
7.949901365	2.865754778	0
7.949419962	2.851484438	0
7.94888546	2.837158841	0
7.948297304	2.822777401	0
7.947654928	2.80833952	0
7.946957752	2.793844584	0
7.946205186	2.779291967	0
7.945396628	2.764681028	0
7.94453146	2.750011111	0
7.943609053	2.735281545	0
7.942628765	2.720491643	0
7.941589938	2.705640701	0
7.9404919	2.690727999	0
7.939333965	2.675752798	0
7.938115429	2.660714343	0
7.936835573	2.645611858	0
7.935493662	2.630444548	0
7.934088944	2.6152116	0
7.932620647	2.599912176	0
7.931087983	2.584545422	0
7.929490142	2.569110455	0
7.927826296	2.553606375	0
7.926095597	2.538032253	0
7.924297173	2.522387138	0
7.922430133	2.506670052	0
7.92049356	2.49087999	0
7.918486516	2.475015918	0
7.916408036	2.459076774	0
7.91425713	2.443061466	0
7.91203278	2.426968869	0
7.909733944	2.410797827	0
7.907359545	2.394547148	0
7.904908482	2.378215606	0
7.902379617	2.361801936	0
7.899771784	2.345304835	0
7.897083779	2.328722961	0
7.894314365	2.312054927	0
7.891462267	2.295299305	0
7.888526171	2.278454618	0
7.885504721	2.261519343	0
7.882396522	2.244491905	0
7.879200132	2.227370679	0
7.875914064	2.21015398	0
7.87253678	2.192840069	0
7.869066693	2.175427146	0
7.865502164	2.157913344	0
7.861841494	2.140296733	0
7.858082929	2.122575309	0
7.854224651	2.104746997	0
7.850264776	2.086809642	0
7.846201355	2.068761008	0
7.842032363	2.050598771	0
7.837755701	2.032320519	0
7.833369191	2.013923739	0
7.828870567	1.995405819	0
7.824257476	1.976764039	0
7.81952747	1.957995565	0
7.814678	1.939097441	0
7.809706412	1.920066584	0
7.804609938	1.900899773	0
7.79938569	1.881593646	0
7.794030656	1.862144683	0
7.788541684	1.842549202	0
7.782915481	1.822803347	0
7.7771486	1.802903073	0
7.771237428	1.782844138	0
7.765178177	1.762622083	0
7.758966871	1.742232224	0
7.752599332	1.721669628	0
7.746071165	1.700929099	0
7.739377741	1.680005158	0
7.732514183	1.658892017	0
7.725475338	1.637583559	0
7.718255763	1.616073305	0
7.710849698	1.594354392	0
7.703251035	1.572419533	0
7.695453297	1.550260982	0
7.687449594	1.527870492	0
7.679232593	1.505239271	0
7.670794474	1.482357927	0
7.662126881	1.45921641	0
7.653220871	1.435803946	0
7.644066852	1.412108962	0
7.634654515	1.388119003	0
7.624972755	1.363820627	0
7.615009583	1.339199302	0
7.60475202	1.314239273	0
7.59418598	1.288923411	0
7.583296128	1.263233044	0
7.572065723	1.237147752	0
7.560476425	1.210645132	0
7.548508069	1.183700512	0
7.5361384	1.156286624	0
7.523342756	1.128373196	0
7.510093678	1.099926475	0
7.496360443	1.070908635	0
7.482108492	1.041277054	0
7.467298713	1.01098342	0
7.451886553	0.979972608	0
7.435820881	0.948181247	0
7.419042539	0.915535894	0
7.401482441	0.881950627	0
7.383059057	0.847323872	0
7.36367501	0.811534082	0
7.343212367	0.774433774	0
7.321525962	0.735841046	0
7.298433631	0.695527155	0
7.273701419	0.65319767	0
7.247020154	0.608462566	0
7.21796632	0.560786157	0
7.185931987	0.509397213	0
7.149987316	0.453112035	0
7.108573632	0.389937959	0
7.058668789	0.315989412	0
6.9925389	0.22123414	0
6.831441261	-2.76E-15	0
