0	7	0
0.22147	7	0
0.313441	7.001744	0
0.384181	7.003619	0
0.443958	7.005537	0
0.496746	7.007471	0
0.544583	7.009407	0
0.588675	7.01134	0
0.62981	7.013265	0
0.668534	7.015181	0
0.705243	7.017084	0
0.740239	7.018974	0
0.773752	7.02085	0
0.805968	7.022712	0
0.837037	7.024559	0
0.867081	7.02639	0
0.896204	7.028206	0
0.924492	7.030006	0
0.952021	7.031789	0
0.978853	7.033557	0
1.005044	7.035308	0
1.030644	7.037043	0
1.055694	7.038762	0
1.080234	7.040464	0
1.104297	7.042149	0
1.127914	7.043818	0
1.151111	7.045471	0
1.173914	7.047107	0
1.196345	7.048726	0
1.218425	7.050329	0
1.240172	7.051915	0
1.261603	7.053485	0
1.282734	7.055038	0
1.30358	7.056575	0
1.324154	7.058096	0
1.344468	7.0596	0
1.364534	7.061087	0
1.384362	7.062559	0
1.403963	7.064014	0
1.423346	7.065453	0
1.44252	7.066875	0
1.461492	7.068281	0
1.480271	7.069671	0
1.498863	7.071045	0
1.517275	7.072403	0
1.535515	7.073745	0
1.553587	7.075071	0
1.571497	7.07638	0
1.589252	7.077674	0
1.606855	7.078952	0
1.624312	7.080214	0
1.641628	7.08146	0
1.658807	7.08269	0
1.675852	7.083905	0
1.692768	7.085104	0
1.709559	7.086287	0
1.726228	7.087454	0
1.742779	7.088606	0
1.759215	7.089742	0
1.775539	7.090863	0
1.791754	7.091968	0
1.807863	7.093057	0
1.823869	7.094131	0
1.839774	7.09519	0
1.855581	7.096234	0
1.871293	7.097261	0
1.88691	7.098274	0
1.902437	7.099272	0
1.917875	7.100254	0
1.933226	7.101221	0
1.948493	7.102172	0
1.963676	7.103109	0
1.978778	7.10403	0
1.993801	7.104937	0
2.008746	7.105828	0
2.023616	7.106705	0
2.038411	7.107566	0
2.053133	7.108412	0
2.067784	7.109244	0
2.082366	7.11006	0
2.096879	7.110862	0
2.111325	7.111649	0
2.125705	7.112421	0
2.140021	7.113178	0
2.154274	7.113921	0
2.168465	7.114649	0
2.182595	7.115362	0
2.196665	7.116061	0
2.210677	7.116744	0
2.224631	7.117414	0
2.238529	7.118068	0
2.252371	7.118709	0
2.266159	7.119334	0
2.279893	7.119945	0
2.293575	7.120542	0
2.307204	7.121124	0
2.320783	7.121692	0
2.334312	7.122246	0
2.347792	7.122785	0
2.361223	7.123309	0
2.374607	7.12382	0
2.387943	7.124316	0
2.401234	7.124798	0
2.414479	7.125265	0
2.427679	7.125719	0
2.440836	7.126158	0
2.453949	7.126583	0
2.467019	7.126994	0
2.480048	7.127391	0
2.493034	7.127773	0
2.50598	7.128142	0
2.518886	7.128496	0
2.531752	7.128837	0
2.544579	7.129163	0
2.557368	7.129476	0
2.570118	7.129774	0
2.582831	7.130059	0
2.595507	7.130329	0
2.608146	7.130586	0
2.62075	7.130829	0
2.633318	7.131058	0
2.64585	7.131273	0
2.658349	7.131474	0
2.670813	7.131661	0
2.683243	7.131835	0
2.695641	7.131995	0
2.708005	7.132141	0
2.720337	7.132273	0
2.732637	7.132391	0
2.744905	7.132496	0
2.757142	7.132587	0
2.769348	7.132665	0
2.781524	7.132729	0
2.79367	7.132779	0
2.805785	7.132815	0
2.817872	7.132838	0
2.829929	7.132848	0
2.841957	7.132843	0
2.853958	7.132826	0
2.86593	7.132794	0
2.877874	7.132749	0
2.889791	7.132691	0
2.90168	7.132619	0
2.913543	7.132534	0
2.925379	7.132435	0
2.937189	7.132322	0
2.948973	7.132197	0
2.960731	7.132057	0
2.972464	7.131905	0
2.984171	7.131739	0
2.995854	7.131559	0
3.007512	7.131366	0
3.019146	7.13116	0
3.030755	7.130941	0
3.042341	7.130708	0
3.053902	7.130462	0
3.065441	7.130202	0
3.076956	7.129929	0
3.088448	7.129643	0
3.099917	7.129344	0
3.111364	7.129031	0
3.122789	7.128705	0
3.134191	7.128366	0
3.145572	7.128014	0
3.156931	7.127648	0
3.168268	7.127269	0
3.179584	7.126877	0
3.190879	7.126472	0
3.202153	7.126053	0
3.213406	7.125622	0
3.224639	7.125177	0
3.235851	7.124719	0
3.247043	7.124248	0
3.258216	7.123764	0
3.269368	7.123266	0
3.280501	7.122756	0
3.291614	7.122232	0
3.302708	7.121696	0
3.313782	7.121146	0
3.324838	7.120583	0
3.335875	7.120007	0
3.346893	7.119418	0
3.357893	7.118816	0
3.368874	7.118201	0
3.379837	7.117573	0
3.390782	7.116932	0
3.401709	7.116278	0
3.412618	7.11561	0
3.42351	7.11493	0
3.434384	7.114237	0
3.44524	7.11353	0
3.456079	7.112811	0
3.466902	7.112079	0
3.477707	7.111334	0
3.488495	7.110576	0
3.499266	7.109804	0
3.510021	7.10902	0
3.52076	7.108223	0
3.531482	7.107413	0
3.542187	7.10659	0
3.552877	7.105754	0
3.563551	7.104905	0
3.574208	7.104043	0
3.58485	7.103169	0
3.595476	7.102281	0
3.606087	7.10138	0
3.616682	7.100467	0
3.627261	7.099541	0
3.637825	7.098601	0
3.648375	7.097649	0
3.658909	7.096684	0
3.669428	7.095706	0
3.679932	7.094715	0
3.690421	7.093711	0
3.700896	7.092695	0
3.711356	7.091665	0
3.721802	7.090623	0
3.732233	7.089568	0
3.74265	7.088499	0
3.753052	7.087418	0
3.763441	7.086325	0
3.773815	7.085218	0
3.784176	7.084098	0
3.794522	7.082966	0
3.804855	7.081821	0
3.815174	7.080663	0
3.825479	7.079492	0
3.835771	7.078308	0
3.846049	7.077111	0
3.856314	7.075902	0
3.866565	7.074679	0
3.876803	7.073444	0
3.887028	7.072196	0
3.89724	7.070935	0
3.907439	7.069662	0
3.917625	7.068375	0
3.927797	7.067076	0
3.937958	7.065764	0
3.948105	7.064439	0
3.958239	7.063101	0
3.968361	7.061751	0
3.978471	7.060387	0
3.988567	7.059011	0
3.998652	7.057622	0
4.008724	7.05622	0
4.018783	7.054805	0
4.028831	7.053378	0
4.038866	7.051937	0
4.048889	7.050484	0
4.0589	7.049018	0
4.068899	7.047539	0
4.078886	7.046048	0
4.088861	7.044543	0
4.098824	7.043026	0
4.108775	7.041496	0
4.118715	7.039953	0
4.128642	7.038397	0
4.138559	7.036828	0
4.148463	7.035247	0
4.158356	7.033653	0
4.168238	7.032046	0
4.178108	7.030426	0
4.187967	7.028793	0
4.197814	7.027147	0
4.20765	7.025489	0
4.217475	7.023818	0
4.227288	7.022134	0
4.237091	7.020437	0
4.246882	7.018727	0
4.256662	7.017004	0
4.266431	7.015269	0
4.276189	7.01352	0
4.285937	7.011759	0
4.295673	7.009985	0
4.305398	7.008198	0
4.315113	7.006398	0
4.324817	7.004586	0
4.33451	7.00276	0
4.344192	7.000922	0
4.353864	6.999071	0
4.363525	6.997207	0
4.373175	6.99533	0
4.382815	6.99344	0
4.392445	6.991537	0
4.402064	6.989622	0
4.411672	6.987693	0
4.42127	6.985752	0
4.430858	6.983797	0
4.440435	6.98183	0
4.450002	6.97985	0
4.459559	6.977857	0
4.469105	6.975851	0
4.478641	6.973832	0
4.488168	6.971801	0
4.497683	6.969756	0
4.507189	6.967698	0
4.516685	6.965628	0
4.52617	6.963544	0
4.535646	6.961448	0
4.545112	6.959339	0
4.554567	6.957216	0
4.564013	6.955081	0
4.573448	6.952933	0
4.582874	6.950772	0
4.59229	6.948597	0
4.601696	6.94641	0
4.611092	6.94421	0
4.620479	6.941997	0
4.629856	6.939771	0
4.639223	6.937532	0
4.64858	6.93528	0
4.657927	6.933015	0
4.667265	6.930737	0
4.676593	6.928445	0
4.685912	6.926141	0
4.695221	6.923824	0
4.70452	6.921494	0
4.71381	6.919151	0
4.72309	6.916794	0
4.732361	6.914425	0
4.741622	6.912043	0
4.750874	6.909647	0
4.760116	6.907239	0
4.769349	6.904817	0
4.778572	6.902382	0
4.787786	6.899934	0
4.796991	6.897474	0
4.806186	6.895	0
4.815372	6.892512	0
4.824549	6.890012	0
4.833716	6.887499	0
4.842874	6.884972	0
4.852022	6.882433	0
4.861162	6.87988	0
4.870292	6.877314	0
4.879413	6.874735	0
4.888524	6.872143	0
4.897627	6.869537	0
4.90672	6.866919	0
4.915804	6.864287	0
4.924879	6.861642	0
4.933944	6.858984	0
4.943001	6.856312	0
4.952048	6.853628	0
4.961087	6.85093	0
4.970116	6.848219	0
4.979136	6.845494	0
4.988147	6.842757	0
4.997149	6.840006	0
5.006142	6.837242	0
5.015126	6.834464	0
5.024101	6.831674	0
5.033066	6.82887	0
5.042023	6.826052	0
5.050971	6.823222	0
5.05991	6.820378	0
5.068839	6.817521	0
5.07776	6.81465	0
5.086672	6.811766	0
5.095575	6.808869	0
5.104469	6.805958	0
5.113353	6.803034	0
5.122229	6.800097	0
5.131096	6.797146	0
5.139955	6.794182	0
5.148804	6.791204	0
5.157644	6.788213	0
5.166475	6.785208	0
5.175298	6.782191	0
5.184111	6.779159	0
5.192916	6.776114	0
5.201712	6.773056	0
5.210499	6.769984	0
5.219277	6.766899	0
5.228046	6.7638	0
5.236806	6.760688	0
5.245558	6.757562	0
5.2543	6.754423	0
5.263034	6.75127	0
5.271759	6.748104	0
5.280475	6.744924	0
5.289182	6.74173	0
5.297881	6.738523	0
5.30657	6.735302	0
5.315251	6.732068	0
5.323923	6.72882	0
5.332586	6.725559	0
5.34124	6.722283	0
5.349885	6.718995	0
5.358521	6.715692	0
5.367149	6.712376	0
5.375768	6.709046	0
5.384378	6.705703	0
5.392979	6.702346	0
5.401571	6.698975	0
5.410155	6.69559	0
5.41873	6.692192	0
5.427296	6.688779	0
5.435853	6.685354	0
5.444401	6.681914	0
5.45294	6.678461	0
5.461471	6.674993	0
5.469992	6.671512	0
5.478505	6.668017	0
5.487009	6.664509	0
5.495504	6.660986	0
5.503991	6.65745	0
5.512468	6.6539	0
5.520937	6.650336	0
5.529397	6.646758	0
5.537848	6.643166	0
5.54629	6.63956	0
5.554723	6.63594	0
5.563147	6.632306	0
5.571563	6.628659	0
5.579969	6.624997	0
5.588367	6.621322	0
5.596756	6.617632	0
5.605136	6.613929	0
5.613507	6.610211	0
5.621869	6.606479	0
5.630222	6.602734	0
5.638567	6.598974	0
5.646902	6.5952	0
5.655229	6.591412	0
5.663546	6.58761	0
5.671855	6.583794	0
5.680155	6.579964	0
5.688445	6.57612	0
5.696727	6.572261	0
5.705	6.568389	0
5.713264	6.564502	0
5.721519	6.560601	0
5.729765	6.556686	0
5.738002	6.552756	0
5.746229	6.548813	0
5.754448	6.544855	0
5.762658	6.540882	0
5.770859	6.536896	0
5.779051	6.532895	0
5.787234	6.52888	0
5.795408	6.524851	0
5.803572	6.520807	0
5.811728	6.516749	0
5.819874	6.512677	0
5.828012	6.50859	0
5.83614	6.504489	0
5.844259	6.500373	0
5.85237	6.496243	0
5.860471	6.492099	0
5.868562	6.48794	0
5.876645	6.483766	0
5.884719	6.479579	0
5.892783	6.475376	0
5.900838	6.471159	0
5.908884	6.466928	0
5.916921	6.462682	0
5.924948	6.458422	0
5.932967	6.454146	0
5.940976	6.449857	0
5.948976	6.445552	0
5.956966	6.441234	0
5.964947	6.4369	0
5.972919	6.432552	0
5.980882	6.428189	0
5.988835	6.423811	0
5.996779	6.419419	0
6.004714	6.415012	0
6.012639	6.41059	0
6.020555	6.406154	0
6.028461	6.401703	0
6.036359	6.397237	0
6.044246	6.392756	0
6.052124	6.38826	0
6.059993	6.38375	0
6.067853	6.379224	0
6.075702	6.374684	0
6.083543	6.370129	0
6.091374	6.365559	0
6.099195	6.360974	0
6.107007	6.356374	0
6.114809	6.351759	0
6.122601	6.347129	0
6.130384	6.342484	0
6.138158	6.337825	0
6.145922	6.33315	0
6.153676	6.32846	0
6.16142	6.323755	0
6.169155	6.319035	0
6.17688	6.3143	0
6.184595	6.309549	0
6.192301	6.304784	0
6.199997	6.300003	0
6.207683	6.295208	0
6.21536	6.290397	0
6.223026	6.285571	0
6.230683	6.280729	0
6.23833	6.275873	0
6.245967	6.271001	0
6.253594	6.266114	0
6.261211	6.261211	0
6.268818	6.256293	0
6.276416	6.25136	0
6.284003	6.246412	0
6.291581	6.241448	0
6.299148	6.236468	0
6.306706	6.231474	0
6.314253	6.226464	0
6.32179	6.221438	0
6.329318	6.216397	0
6.336835	6.21134	0
6.344342	6.206268	0
6.351839	6.201181	0
6.359325	6.196077	0
6.366802	6.190959	0
6.374268	6.185824	0
6.381724	6.180674	0
6.38917	6.175509	0
6.396606	6.170327	0
6.404031	6.16513	0
6.411446	6.159918	0
6.41885	6.154689	0
6.426244	6.149445	0
6.433628	6.144185	0
6.441002	6.13891	0
6.448365	6.133618	0
6.455717	6.128311	0
6.463059	6.122988	0
6.47039	6.117649	0
6.477711	6.112294	0
6.485022	6.106923	0
6.492322	6.101536	0
6.499611	6.096133	0
6.506889	6.090715	0
6.514157	6.08528	0
6.521414	6.079829	0
6.528661	6.074362	0
6.535897	6.06888	0
6.543122	6.063381	0
6.550336	6.057866	0
6.557539	6.052334	0
6.564732	6.046787	0
6.571913	6.041224	0
6.579084	6.035644	0
6.586244	6.030048	0
6.593393	6.024436	0
6.60053	6.018807	0
6.607657	6.013163	0
6.614773	6.007502	0
6.621878	6.001824	0
6.628972	5.99613	0
6.636054	5.99042	0
6.643125	5.984694	0
6.650186	5.978951	0
6.657235	5.973191	0
6.664272	5.967415	0
6.671299	5.961623	0
6.678314	5.955814	0
6.685318	5.949988	0
6.69231	5.944146	0
6.699292	5.938287	0
6.706261	5.932412	0
6.713219	5.92652	0
6.720166	5.920611	0
6.727101	5.914686	0
6.734025	5.908744	0
6.740937	5.902785	0
6.747838	5.896809	0
6.754727	5.890816	0
6.761604	5.884807	0
6.768469	5.878781	0
6.775323	5.872738	0
6.782165	5.866678	0
6.788995	5.860601	0
6.795814	5.854507	0
6.80262	5.848396	0
6.809415	5.842268	0
6.816198	5.836123	0
6.822968	5.829961	0
6.829727	5.823782	0
6.836474	5.817586	0
6.843208	5.811372	0
6.849931	5.805142	0
6.856641	5.798894	0
6.863339	5.792629	0
6.870025	5.786347	0
6.876699	5.780047	0
6.88336	5.77373	0
6.890009	5.767396	0
6.896646	5.761044	0
6.90327	5.754675	0
6.909882	5.748289	0
6.916482	5.741885	0
6.923069	5.735463	0
6.929643	5.729024	0
6.936205	5.722568	0
6.942754	5.716094	0
6.949291	5.709602	0
6.955815	5.703093	0
6.962326	5.696566	0
6.968824	5.690021	0
6.97531	5.683459	0
6.981783	5.676879	0
6.988242	5.670281	0
6.994689	5.663665	0
7.001123	5.657031	0
7.007544	5.65038	0
7.013952	5.64371	0
7.020347	5.637023	0
7.026728	5.630318	0
7.033097	5.623594	0
7.039452	5.616853	0
7.045794	5.610094	0
7.052123	5.603316	0
7.058438	5.59652	0
7.06474	5.589707	0
7.071029	5.582875	0
7.077304	5.576024	0
7.083566	5.569156	0
7.089814	5.562269	0
7.096048	5.555364	0
7.102269	5.54844	0
7.108476	5.541498	0
7.114669	5.534538	0
7.120849	5.527559	0
7.127015	5.520562	0
7.133167	5.513546	0
7.139305	5.506512	0
7.145429	5.499459	0
7.151539	5.492387	0
7.157635	5.485297	0
7.163717	5.478188	0
7.169785	5.47106	0
7.175838	5.463914	0
7.181878	5.456748	0
7.187903	5.449564	0
7.193914	5.442361	0
7.19991	5.435139	0
7.205892	5.427898	0
7.21186	5.420638	0
7.217812	5.413359	0
7.223751	5.406061	0
7.229675	5.398744	0
7.235584	5.391408	0
7.241478	5.384052	0
7.247358	5.376678	0
7.253222	5.369284	0
7.259072	5.361871	0
7.264907	5.354438	0
7.270727	5.346986	0
7.276532	5.339515	0
7.282322	5.332024	0
7.288097	5.324514	0
7.293856	5.316984	0
7.2996	5.309434	0
7.305329	5.301865	0
7.311043	5.294277	0
7.316741	5.286668	0
7.322424	5.27904	0
7.328091	5.271392	0
7.333743	5.263725	0
7.339379	5.256037	0
7.344999	5.248329	0
7.350603	5.240602	0
7.356192	5.232855	0
7.361765	5.225087	0
7.367322	5.2173	0
7.372863	5.209492	0
7.378388	5.201664	0
7.383897	5.193816	0
7.38939	5.185948	0
7.394866	5.178059	0
7.400327	5.17015	0
7.405771	5.162221	0
7.411198	5.154271	0
7.416609	5.146301	0
7.422004	5.13831	0
7.427382	5.130299	0
7.432743	5.122267	0
7.438088	5.114215	0
7.443416	5.106141	0
7.448727	5.098047	0
7.454021	5.089932	0
7.459299	5.081797	0
7.464559	5.07364	0
7.469802	5.065462	0
7.475028	5.057264	0
7.480237	5.049044	0
7.485429	5.040803	0
7.490603	5.032541	0
7.49576	5.024258	0
7.500899	5.015954	0
7.506021	5.007628	0
7.511125	4.999281	0
7.516211	4.990913	0
7.52128	4.982523	0
7.526331	4.974111	0
7.531364	4.965678	0
7.536379	4.957223	0
7.541376	4.948747	0
7.546355	4.940249	0
7.551316	4.931729	0
7.556258	4.923187	0
7.561182	4.914624	0
7.566088	4.906038	0
7.570976	4.897431	0
7.575844	4.888801	0
7.580695	4.880149	0
7.585526	4.871475	0
7.590339	4.862779	0
7.595133	4.85406	0
7.599907	4.84532	0
7.604663	4.836556	0
7.6094	4.82777	0
7.614118	4.818962	0
7.618816	4.810131	0
7.623496	4.801278	0
7.628155	4.792401	0
7.632796	4.783502	0
7.637416	4.77458	0
7.642017	4.765635	0
7.646599	4.756667	0
7.65116	4.747676	0
7.655702	4.738662	0
7.660223	4.729625	0
7.664725	4.720564	0
7.669206	4.711481	0
7.673668	4.702373	0
7.678109	4.693243	0
7.682529	4.684089	0
7.686929	4.674911	0
7.691309	4.665709	0
7.695667	4.656484	0
7.700005	4.647235	0
7.704322	4.637963	0
7.708619	4.628666	0
7.712894	4.619345	0
7.717148	4.61	0
7.721381	4.600631	0
7.725592	4.591238	0
7.729782	4.58182	0
7.733951	4.572378	0
7.738098	4.562912	0
7.742223	4.553421	0
7.746326	4.543906	0
7.750408	4.534365	0
7.754467	4.5248	0
7.758505	4.51521	0
7.76252	4.505596	0
7.766513	4.495956	0
7.770483	4.486291	0
7.774432	4.476601	0
7.778357	4.466885	0
7.78226	4.457144	0
7.786139	4.447378	0
7.789996	4.437586	0
7.79383	4.427769	0
7.797641	4.417926	0
7.801429	4.408057	0
7.805193	4.398162	0
7.808933	4.388242	0
7.81265	4.378295	0
7.816344	4.368322	0
7.820013	4.358323	0
7.823659	4.348297	0
7.82728	4.338245	0
7.830878	4.328167	0
7.834451	4.318062	0
7.837999	4.30793	0
7.841524	4.297771	0
7.845023	4.287585	0
7.848498	4.277373	0
7.851948	4.267133	0
7.855372	4.256866	0
7.858772	4.246571	0
7.862146	4.23625	0
7.865495	4.2259	0
7.868819	4.215523	0
7.872117	4.205118	0
7.875389	4.194686	0
7.878635	4.184225	0
7.881855	4.173736	0
7.885049	4.163219	0
7.888216	4.152674	0
7.891357	4.1421	0
7.894472	4.131497	0
7.897559	4.120866	0
7.90062	4.110206	0
7.903654	4.099517	0
7.906661	4.0888	0
7.90964	4.078052	0
7.912592	4.067276	0
7.915516	4.05647	0
7.918412	4.045635	0
7.921281	4.03477	0
7.924121	4.023875	0
7.926933	4.01295	0
7.929717	4.001995	0
7.932472	3.99101	0
7.935199	3.979994	0
7.937896	3.968948	0
7.940565	3.957872	0
7.943205	3.946764	0
7.945815	3.935626	0
7.948395	3.924456	0
7.950946	3.913255	0
7.953467	3.902023	0
7.955958	3.890759	0
7.958419	3.879464	0
7.960849	3.868137	0
7.963249	3.856777	0
7.965618	3.845386	0
7.967956	3.833962	0
7.970263	3.822506	0
7.972538	3.811017	0
7.974783	3.799495	0
7.976995	3.78794	0
7.979175	3.776353	0
7.981324	3.764731	0
7.98344	3.753076	0
7.985524	3.741388	0
7.987575	3.729665	0
7.989593	3.717909	0
7.991578	3.706118	0
7.993529	3.694293	0
7.995448	3.682433	0
7.997332	3.670538	0
7.999182	3.658608	0
8.000999	3.646643	0
8.00278	3.634642	0
8.004528	3.622606	0
8.00624	3.610534	0
8.007917	3.598426	0
8.009559	3.586281	0
8.011165	3.5741	0
8.012736	3.561882	0
8.01427	3.549627	0
8.015769	3.537335	0
8.01723	3.525006	0
8.018655	3.512639	0
8.020043	3.500234	0
8.021393	3.48779	0
8.022706	3.475309	0
8.023981	3.462788	0
8.025218	3.450229	0
8.026416	3.43763	0
8.027576	3.424992	0
8.028697	3.412315	0
8.029778	3.399597	0
8.03082	3.386839	0
8.031822	3.37404	0
8.032784	3.361201	0
8.033705	3.34832	0
8.034586	3.335398	0
8.035425	3.322434	0
8.036224	3.309428	0
8.03698	3.29638	0
8.037695	3.283289	0
8.038367	3.270155	0
8.038996	3.256978	0
8.039582	3.243757	0
8.040125	3.230492	0
8.040624	3.217182	0
8.041079	3.203828	0
8.041489	3.190429	0
8.041854	3.176984	0
8.042174	3.163493	0
8.042449	3.149957	0
8.042678	3.136373	0
8.04286	3.122743	0
8.042995	3.109065	0
8.043083	3.09534	0
8.043123	3.081566	0
8.043115	3.067743	0
8.043059	3.053872	0
8.042953	3.039951	0
8.042798	3.025979	0
8.042594	3.011958	0
8.042339	2.997885	0
8.042033	2.983761	0
8.041676	2.969585	0
8.041266	2.955357	0
8.040805	2.941076	0
8.040291	2.926741	0
8.039723	2.912353	0
8.039102	2.897909	0
8.038426	2.883411	0
8.037695	2.868857	0
8.036908	2.854247	0
8.036066	2.83958	0
8.035166	2.824855	0
8.03421	2.810073	0
8.033195	2.795231	0
8.032122	2.780331	0
8.03099	2.76537	0
8.029797	2.750348	0
8.028544	2.735265	0
8.02723	2.72012	0
8.025854	2.704912	0
8.024416	2.689641	0
8.022914	2.674305	0
8.021348	2.658903	0
8.019716	2.643436	0
8.01802	2.627902	0
8.016257	2.6123	0
8.014426	2.596629	0
8.012527	2.580889	0
8.01056	2.565079	0
8.008522	2.549197	0
8.006414	2.533243	0
8.004233	2.517215	0
8.00198	2.501113	0
7.999654	2.484935	0
7.997253	2.468681	0
7.994776	2.45235	0
7.992222	2.435939	0
7.98959	2.419449	0
7.986879	2.402877	0
7.984088	2.386222	0
7.981216	2.369484	0
7.978261	2.352661	0
7.975222	2.335751	0
7.972099	2.318753	0
7.968888	2.301666	0
7.96559	2.284487	0
7.962202	2.267216	0
7.958724	2.249851	0
7.955153	2.23239	0
7.951489	2.214832	0
7.947729	2.197174	0
7.943872	2.179414	0
7.939916	2.161552	0
7.93586	2.143584	0
7.9317	2.125509	0
7.927437	2.107324	0
7.923067	2.089028	0
7.918589	2.070617	0
7.914	2.05209	0
7.909298	2.033445	0
7.904481	2.014677	0
7.899546	1.995785	0
7.894492	1.976766	0
7.889314	1.957617	0
7.884012	1.938335	0
7.878581	1.918916	0
7.873019	1.899358	0
7.867323	1.879656	0
7.86149	1.859807	0
7.855516	1.839807	0
7.849398	1.819652	0
7.843131	1.799338	0
7.836713	1.77886	0
7.830139	1.758214	0
7.823405	1.737394	0
7.816507	1.716396	0
7.809439	1.695213	0
7.802196	1.673841	0
7.794775	1.652273	0
7.787168	1.630502	0
7.77937	1.608522	0
7.771375	1.586325	0
7.763176	1.563904	0
7.754767	1.54125	0
7.746139	1.518354	0
7.737285	1.495207	0
7.728196	1.471799	0
7.718863	1.448119	0
7.709277	1.424155	0
7.699426	1.399896	0
7.6893	1.375326	0
7.678886	1.350433	0
7.668172	1.325199	0
7.657142	1.299609	0
7.64578	1.273642	0
7.634071	1.247278	0
7.621995	1.220496	0
7.609532	1.19327	0
7.596659	1.165572	0
7.583351	1.137373	0
7.569579	1.108639	0
7.555313	1.07933	0
7.540517	1.049406	0
7.525152	1.018816	0
7.509171	0.987506	0
7.492524	0.955412	0
7.475148	0.92246	0
7.456975	0.888563	0
7.43792	0.85362	0
7.417884	0.817508	0
7.396748	0.78008	0
7.374362	0.741151	0
7.350542	0.700493	0
7.325047	0.657809	0
7.297564	0.612706	0
7.267659	0.564647	0
7.234712	0.512855	0
7.197774	0.45614	0
7.155254	0.392499	0
7.104066	0.318022	0
7.036313	0.222619	0
6.871524	0	0
