1		 				2		 				3		 			
AM1.5G	13.946365	 	 	Measure Mode	AC-EQE	AM1.5G	13.946973	 	 	Measure Mode	AC-EQE	AM1.5G	13.231085	 	 	Measure Mode	AC-EQE
AM1.5D	11.978026	 	 	AM 1.5G	13.946365	AM1.5D	11.977920	 	 	AM 1.5G	13.946973	AM1.5D	11.368427	 	 	AM 1.5G	13.231085
AM 0	17.756974	 	 	AM 1.5D	11.978026	AM 0	17.763218	 	 	AM 1.5D	11.977920	AM 0	16.835940	 	 	AM 1.5D	11.368427
Lambda(nm)	EQE (%)	SR (A/W)	Jsc (mA/cm^2)	AM 0	17.756974	Lambda(nm)	EQE (%)	SR (A/W)	Jsc (mA/cm^2)	AM 0	17.763218	Lambda(nm)	EQE (%)	SR (A/W)	Jsc (mA/cm^2)	AM 0	16.835940
300.0	5.571088	0.013478	0.000000	WL-Range	300-730nm	300.0	5.040205	0.012194	0.000000	WL-Range	300-730nm	300.0	5.618932	0.013594	0.000000	WL-Range	300-730nm
305.0	5.536332	0.013618	0.000040	Voltage Bias	0.00	305.0	6.550646	0.016112	0.000044	Voltage Bias	0.00	305.0	4.830155	0.011881	0.000037	Voltage Bias	0.00
310.0	13.254513	0.033136	0.000400	Date/Time	03-31_16-51-39	310.0	11.786814	0.029467	0.000382	Date/Time	03-31_16-56-30	310.0	8.368253	0.020921	0.000274	Date/Time	03-31_17-01-29
315.0	22.360542	0.056803	0.002284	Spent Seconds	79.000000	315.0	18.451264	0.046872	0.001930	Spent Seconds	79.000000	315.0	14.622123	0.037145	0.001477	Spent Seconds	79.000000
320.0	29.443390	0.075983	0.005648			320.0	27.030703	0.069757	0.004983			320.0	23.967068	0.061850	0.004250		
325.0	37.549720	0.098417	0.010656			325.0	38.064466	0.099766	0.010372			325.0	31.609149	0.082847	0.008845		
330.0	45.975440	0.122354	0.021557			330.0	46.396393	0.123474	0.021796			330.0	40.058271	0.106607	0.018514		
335.0	53.902428	0.145623	0.028730			335.0	53.036120	0.143283	0.028600			335.0	46.896435	0.126696	0.025012		
340.0	58.971799	0.161697	0.033346			340.0	57.295880	0.157102	0.032590			340.0	51.136801	0.140214	0.028960		
345.0	62.984244	0.175238	0.039898			345.0	62.107245	0.172798	0.039056			345.0	55.532891	0.154507	0.034890		
350.0	64.990178	0.183440	0.043227			350.0	64.728961	0.182703	0.042843			350.0	57.636350	0.162683	0.038227		
355.0	65.367513	0.187141	0.051305			355.0	66.037156	0.189058	0.051475			355.0	59.488999	0.170311	0.046112		
360.0	66.913624	0.194265	0.048150			360.0	66.597280	0.193347	0.048287			360.0	60.336359	0.175170	0.043621		
365.0	68.538224	0.201746	0.056655			365.0	68.887822	0.202775	0.056676			365.0	62.573891	0.184189	0.051418		
370.0	68.364409	0.203991	0.071505			370.0	68.175122	0.203426	0.071587			370.0	62.556135	0.186659	0.065357		
375.0	70.424929	0.212979	0.066342			375.0	70.287637	0.212563	0.066184			375.0	64.699180	0.195663	0.060822		
380.0	72.204778	0.221273	0.078683			380.0	72.129743	0.221043	0.078567			380.0	66.814148	0.204753	0.072558		
385.0	74.842083	0.232373	0.067979			385.0	74.672016	0.231845	0.067868			385.0	69.282093	0.215110	0.062915		
390.0	77.050913	0.242338	0.078989			390.0	76.747648	0.241384	0.078741			390.0	71.512339	0.224918	0.073220		
395.0	78.473308	0.249975	0.083832			395.0	78.362214	0.249622	0.083600			395.0	73.393354	0.233793	0.078084		
400.0	79.689091	0.257062	0.104280			400.0	79.964608	0.257950	0.104414			400.0	74.995326	0.241920	0.097866		
405.0	80.777351	0.263829	0.152134			405.0	80.811779	0.263942	0.152427			405.0	75.936184	0.248017	0.143094		
410.0	81.657610	0.269997	0.152337			410.0	82.111873	0.271499	0.152799			410.0	77.317743	0.255647	0.143731		
415.0	82.897891	0.277441	0.162637			415.0	82.890873	0.277417	0.163073			415.0	78.535117	0.262839	0.154037		
420.0	83.642469	0.283305	0.170228			420.0	83.733453	0.283613	0.170313			420.0	79.322408	0.268673	0.161352		
425.0	84.469087	0.289511	0.176169			425.0	84.492272	0.289590	0.176289			425.0	80.456461	0.275758	0.167438		
430.0	85.121551	0.295180	0.167401			430.0	85.270957	0.295698	0.167567			430.0	81.324201	0.282011	0.159683		
435.0	85.930982	0.301451	0.165355			435.0	85.954678	0.301535	0.165515			435.0	81.963279	0.287532	0.157841		
440.0	85.960791	0.305022	0.195873			440.0	86.348002	0.306396	0.196335			440.0	82.644396	0.293254	0.187562		
445.0	86.615703	0.310839	0.216098			445.0	86.868280	0.311745	0.216897			445.0	83.252203	0.298768	0.207733		
450.0	86.792413	0.314972	0.229251			450.0	86.981263	0.315658	0.229832			450.0	83.496264	0.303011	0.220449		
455.0	86.904002	0.318882	0.243088			455.0	87.116726	0.319662	0.243649			455.0	83.651488	0.306947	0.233922		
460.0	86.303493	0.320158	0.248433			460.0	87.101051	0.323117	0.249881			460.0	83.773283	0.310772	0.240138		
465.0	86.449233	0.324185	0.253573			465.0	86.775994	0.325410	0.255223			465.0	83.599012	0.313496	0.245676		
470.0	86.353349	0.327307	0.251383			470.0	86.593675	0.328218	0.252208			470.0	83.533838	0.316620	0.243135		
475.0	86.219047	0.330275	0.257352			475.0	86.346706	0.330764	0.257899			475.0	83.358198	0.319316	0.248880		
480.0	85.996298	0.332889	0.264260			480.0	86.229052	0.333790	0.264813			480.0	82.899067	0.320900	0.255115		
485.0	85.597672	0.334797	0.267499			485.0	85.463530	0.334273	0.267656			485.0	82.441676	0.322453	0.257752		
490.0	84.862564	0.335344	0.244117			490.0	84.930585	0.335613	0.244029			490.0	81.566507	0.322319	0.234871		
495.0	84.341761	0.336687	0.262962			495.0	84.001619	0.335329	0.262536			495.0	80.888571	0.322902	0.252472		
500.0	83.763607	0.337756	0.265106			500.0	83.433975	0.336427	0.264049			500.0	79.711503	0.321417	0.253276		
505.0	82.693984	0.336778	0.255444			505.0	82.597584	0.336385	0.254791			505.0	78.655311	0.320330	0.243028		
510.0	81.461268	0.335042	0.263535			510.0	81.334697	0.334522	0.263177			510.0	77.170371	0.317394	0.250164		
515.0	79.947085	0.332038	0.258361			515.0	79.807992	0.331461	0.257936			515.0	75.783793	0.314747	0.244828		
520.0	78.475131	0.329089	0.237010			520.0	78.570895	0.329491	0.236943			520.0	74.459783	0.312251	0.224774		
525.0	76.838699	0.325325	0.252767			525.0	77.119336	0.326513	0.253382			525.0	73.087086	0.309441	0.240129		
530.0	75.302179	0.321856	0.245310			530.0	75.857529	0.324230	0.246663			530.0	72.125061	0.308276	0.234147		
535.0	74.017739	0.319351	0.248099			535.0	74.868144	0.323020	0.250430			535.0	71.278289	0.307531	0.238262		
540.0	73.086222	0.318279	0.246990			540.0	73.912272	0.321876	0.249805			540.0	70.798662	0.308317	0.238545		
545.0	72.337577	0.317935	0.241607			545.0	73.548383	0.323257	0.245002			545.0	70.665682	0.310587	0.235045		
550.0	71.773257	0.318349	0.244266			550.0	73.320669	0.325213	0.248942			550.0	70.897783	0.314466	0.239950		
555.0	71.738491	0.321088	0.247481			555.0	73.345646	0.328281	0.252922			555.0	71.137765	0.318399	0.244937		
560.0	71.814130	0.324322	0.243126			560.0	73.682875	0.332761	0.249008			560.0	71.870297	0.324576	0.242192		
565.0	72.366466	0.329734	0.248334			565.0	74.347198	0.338759	0.254965			565.0	72.636573	0.330965	0.248897		
570.0	73.024202	0.335676	0.248529			570.0	75.032534	0.344908	0.255348			570.0	73.593476	0.338293	0.249965		
575.0	73.919165	0.342770	0.253035			575.0	76.056480	0.352681	0.260175			575.0	74.546498	0.345679	0.255096		
580.0	74.917111	0.350419	0.256187			580.0	76.995146	0.360139	0.263442			580.0	75.468353	0.352997	0.258215		
585.0	75.967610	0.358396	0.271198			585.0	78.064316	0.368287	0.278702			585.0	76.269403	0.359819	0.272728		
590.0	76.717074	0.365025	0.262489			590.0	78.465087	0.373342	0.269115			590.0	76.529420	0.364132	0.262707		
595.0	77.906492	0.373826	0.266310			595.0	79.460841	0.381284	0.271996			595.0	77.101935	0.369965	0.264597		
600.0	78.473208	0.379709	0.276121			600.0	79.616712	0.385242	0.280882			600.0	76.776576	0.371500	0.271701		
605.0	79.088129	0.385874	0.280817			605.0	80.028803	0.390463	0.284529			605.0	76.497115	0.373232	0.273166		
610.0	79.081296	0.389029	0.287273			610.0	79.968090	0.393391	0.290592			610.0	75.850886	0.373137	0.276701		
615.0	79.404762	0.393822	0.285500			615.0	79.991300	0.396731	0.288156			615.0	75.063317	0.372290	0.271865		
620.0	79.077594	0.395388	0.286343			620.0	79.485981	0.397430	0.288138			620.0	73.948557	0.369743	0.269222		
625.0	78.621491	0.396278	0.283995			625.0	78.903408	0.397699	0.285240			625.0	72.901011	0.367445	0.264466		
630.0	78.288782	0.397758	0.278544			630.0	78.523559	0.398950	0.279461			630.0	71.979719	0.365703	0.257190		
635.0	77.633258	0.397557	0.281513			635.0	77.664694	0.397718	0.281990			635.0	70.629507	0.361691	0.257466		
640.0	76.895288	0.396879	0.287987			640.0	76.615617	0.395435	0.287521			640.0	69.480992	0.358612	0.261112		
645.0	75.411047	0.392259	0.284782			645.0	74.638815	0.388242	0.282811			645.0	67.539122	0.351312	0.256195		
650.0	72.527854	0.380186	0.269636			650.0	70.281819	0.368413	0.264164			650.0	63.808442	0.334480	0.239419		
655.0	65.494149	0.345957	0.255434			655.0	61.130452	0.322907	0.243205			655.0	55.692676	0.294183	0.221160		
660.0	51.591272	0.274599	0.203476			660.0	45.669296	0.243079	0.185467			660.0	41.716664	0.222040	0.169166		
665.0	33.713545	0.180802	0.158679			665.0	28.220460	0.151344	0.137434			665.0	25.735927	0.138019	0.125461		
670.0	17.972556	0.097110	0.098774			670.0	14.525016	0.078482	0.081685			670.0	13.256083	0.071626	0.074512		
675.0	8.675558	0.047226	0.050881			675.0	6.906000	0.037593	0.040920			675.0	6.334481	0.034482	0.037406		
680.0	3.961769	0.021726	0.024200			680.0	3.096240	0.016979	0.019154			680.0	2.903584	0.015923	0.017690		
685.0	1.839601	0.010162	0.011078			685.0	1.470760	0.008125	0.008721			685.0	1.360748	0.007517	0.008143		
690.0	0.898664	0.005001	0.004478			690.0	0.744778	0.004144	0.003621			690.0	0.716104	0.003985	0.003393		
695.0	0.497133	0.002786	0.002425			695.0	0.411511	0.002306	0.002009			695.0	0.405897	0.002275	0.001950		
700.0	0.317527	0.001792	0.001488			700.0	0.296823	0.001676	0.001294			700.0	0.254773	0.001438	0.001206		
705.0	0.273531	0.001555	0.001074			705.0	0.212712	0.001209	0.000925			705.0	0.233128	0.001325	0.000887		
710.0	0.234083	0.001340	0.000950			710.0	0.203411	0.001165	0.000779			710.0	0.218869	0.001253	0.000846		
715.0	0.132772	0.000766	0.000687			715.0	0.315646	0.001820	0.000969			715.0	0.188712	0.001088	0.000762		
720.0	0.161386	0.000937	0.000461			720.0	0.138598	0.000805	0.000734			720.0	0.131008	0.000761	0.000510		
725.0	0.181062	0.001059	0.000553			725.0	0.137558	0.000804	0.000446			725.0	0.085815	0.000502	0.000350		
730.0	0.062013	0.000365	0.000380			730.0	0.118283	0.000696	0.000400			730.0	0.118617	0.000698	0.000320		
