	质量 B		
t	x	y	
0.000	92.20	-8.458
0.033		
0.067		
0.100		
0.134		
0.167		
0.201		
0.234		
0.268		
0.301		
0.335		
0.368		
0.402		
0.435		
0.468		
0.502		
0.535		
0.569		
0.602		
0.636		
0.669		
0.703		
0.736		
0.770		
0.803		
0.837		
0.870		
0.903		
0.937		
0.970		
1.004	92.20	-8.456
1.037		
1.071		
1.104		
1.138		
1.171		
1.205		
1.238		
1.272		
1.305		
1.338		
1.372		
1.405		
1.439		
1.472		
1.506		
1.539		
1.573		
1.606		
1.640		
1.673		
1.707		
1.740		
1.773		
1.807		
1.840		
1.874		
1.907		
1.941		
1.974		
2.008	92.57	-8.864
2.041		
2.075		
2.108		
2.142		
2.175		
2.208		
2.242		
2.275		
2.309		
2.342		
2.376		
2.409		
2.443		
2.476		
2.510		
2.543		
2.577		
2.610		
2.643		
2.677		
2.710		
2.744		
2.777		
2.811		
2.844		
2.878		
2.911		
2.945		
2.978		
3.012	92.80	-8.516
3.045		
3.078		
3.112		
3.145		
3.179		
3.212		
3.246		
3.279		
3.313		
3.346		
3.380		
3.413		
3.447		
3.480		
3.513		
3.547		
3.580		
3.614		
3.647		
3.681		
3.714		
3.748		
3.781		
3.815		
3.848		
3.882		
3.915		
3.948		
3.982		
4.015	90.82	-8.838
4.049		
4.082		
4.116		
4.149		
4.183		
4.216		
4.250		
4.283		
4.317		
4.350		
4.383		
4.417		
4.450		
4.484		
4.517		
4.551		
4.584		
4.618		
4.651		
4.685		
4.718		
4.752		
4.785		
4.818		
4.852		
4.885		
4.919		
4.952		
4.986		
5.019	90.71	-8.139
5.053		
5.086		
5.120		
5.153		
5.187		
5.220		
5.253		
5.287		
5.320		
5.354		
5.387		
5.421		
5.454		
5.488		
5.521		
5.555		
5.588		
5.622		
5.655		
5.688		
5.722		
5.755		
5.789		
5.822		
5.856		
5.889		
5.923		
5.956		
5.990		
6.023	90.81	-8.179
6.057		
6.090		
6.123		
6.157		
6.190		
6.224		
6.257		
6.291		
6.324		
6.358		
6.391		
6.425		
6.458		
6.491		
6.525		
6.558		
6.592		
6.625		
6.659		
6.692		
6.726		
6.759		
6.793		
6.826		
6.860		
6.893		
6.926		
6.960		
6.993		
7.027	90.87	-7.332
7.060		
7.094		
7.127		
7.161		
7.194		
7.228		
7.261		
7.295		
7.328		
7.361		
7.395		
7.428		
7.462		
7.495		
7.529		
7.562		
7.596		
7.629		
7.663		
7.696		
7.730		
7.763		
7.796		
7.830		
7.863		
7.897		
7.930		
7.964		
7.997		
8.031	91.80	-6.972
8.064		
8.098		
8.131		
8.165		
8.198		
8.231		
8.265		
8.298		
8.332		
8.365		
8.399		
8.432		
8.466		
8.499		
8.533		
8.566		
8.600		
8.633		
8.666		
8.700		
8.733		
8.767		
8.800		
8.834		
8.867		
8.901		
8.934		
8.968		
9.001		
9.035	93.12	-7.544
9.068		
9.101		
9.135		
9.168		
9.202		
9.235		
9.269		
9.302		
9.336		
9.369		
9.403		
9.436		
9.470		
9.503		
9.536		
9.570		
9.603		
9.637		
9.670		
9.704		
9.737		
9.771		
9.804		
9.838		
9.871		
9.905		
9.938		
9.971		
10.005		
10.038	93.88	-7.068
10.072		
10.105		
10.139		
10.172		
10.206		
10.239		
10.273		
10.306		
10.340		
10.373		
10.406		
10.440		
10.473		
10.507		
10.540		
10.574		
10.607		
10.641		
10.674		
10.708		
10.741		
10.775		
10.808		
10.841		
10.875		
10.908		
10.942		
10.975		
11.009		
11.042	93.57	-7.302
11.076		
11.109		
11.143		
11.176		
11.210		
11.243		
11.276		
11.310		
11.343		
11.377		
11.410		
11.444		
11.477		
11.511		
11.544		
11.578		
11.611		
11.645		
11.678		
11.711		
11.745		
11.778		
11.812		
11.845		
11.879		
11.912		
11.946		
11.979		
12.013		
12.046	93.59	-7.229
12.080		
12.113		
12.146		
12.180		
12.213		
12.247		
12.280		
12.314		
12.347		
12.381		
12.414		
12.448		
12.481		
12.515		
12.548		
12.581		
12.615		
12.648		
12.682		
12.715		
12.749		
12.782		
12.816		
12.849		
12.883		
12.916		
12.950		
12.983		
13.016		
13.050	92.80	-7.713
13.083		
13.117		
13.150		
13.184		
13.217		
13.251		
13.284		
13.318		
13.351		
13.385		
13.418		
13.451		
13.485		
13.518		
13.552		
13.585		
13.619		
13.652		
13.686		
13.719		
13.753		
13.786		
13.820		
13.853		
13.886		
13.920		
13.953		
13.987		
14.020		
14.054	92.58	-7.080
14.087		
14.121		
14.154		
14.188		
14.221		
14.255		
14.288		
14.321		
14.355		
14.388		
14.422		
14.455		
14.489		
14.522		
14.556		
14.589		
14.623		
14.656		
14.690		
14.723		
14.756		
14.790		
14.823		
14.857		
14.890		
14.924		
14.957		
14.991		
15.024		
15.058	92.28	-6.300
15.091		
15.125		
15.158		
15.191		
15.225		
15.258		
15.292		
15.325		
15.359		
15.392		
15.426		
15.459		
15.493		
15.526		
15.560		
15.593		
15.626		
15.660		
15.693		
15.727		
15.760		
15.794		
15.827		
15.861		
15.894		
15.928		
15.961		
15.995		
16.028		
16.061	92.77	-6.561
16.095		
16.128		
16.162		
16.195		
16.229		
16.262		
16.296		
16.329		
16.363		
16.396		
16.430		
16.463		
16.496		
16.530		
16.563		
16.597		
16.630		
16.664		
16.697		
16.731		
16.764		
16.798		
16.831		
16.865		
16.898		
16.931		
16.965		
16.998		
17.032		
17.065	92.83	-5.326
17.099		
17.132		
17.166		
17.199		
17.233		
17.266		
17.300		
17.333		
17.366		
17.400		
17.433		
17.467		
17.500		
17.534		
17.567		
17.601		
17.634		
17.668		
17.701		
17.735		
17.768		
17.801		
17.835		
17.868		
17.902		
17.935		
17.969		
18.002		
18.036		
18.069	92.93	-5.326
18.103		
18.136		
18.170		
18.203		
18.236		
18.270		
18.303		
18.337		
18.370		
18.404		
18.437		
18.471		
18.504		
18.538		
18.571		
18.605		
18.638		
18.671		
18.705		
18.738		
18.772		
18.805		
18.839		
18.872		
18.906		
18.939		
18.973		
19.006		
19.039		
19.073	92.92	-3.090
19.106		
19.140		
19.173		
19.207		
19.240		
19.274		
19.307		
19.341		
19.374		
19.408		
19.441		
19.474		
19.508		
19.541		
19.575		
19.608		
19.642		
19.675		
19.709		
19.742		
19.776		
19.809		
19.843		
19.876		
19.909		
19.943		
19.976		
20.010		
20.043		
20.077	92.25	-2.865
20.110		
20.144		
20.177		
20.211		
20.244		
20.278		
20.311		
20.344		
20.378		
20.411		
20.445		
20.478		
20.512		
20.545		
20.579		
20.612		
20.646		
20.679		
20.713		
20.746		
20.779		
20.813		
20.846		
20.880		
20.913		
20.947		
20.980		
21.014		
21.047		
21.081	92.40	-3.543
21.114		
21.148		
21.181		
21.214		
21.248		
21.281		
21.315		
21.348		
21.382		
21.415		
21.449		
21.482		
21.516		
21.549		
21.583		
21.616		
21.649		
21.683		
21.716		
21.750		
21.783		
21.817		
21.850		
21.884		
21.917		
21.951		
21.984		
22.018		
22.051		
22.084	93.74	-3.615
22.118		
22.151		
22.185		
22.218		
22.252		
22.285		
22.319		
22.352		
22.386		
22.419		
22.453		
22.486		
22.519		
22.553		
22.586		
22.620		
22.653		
22.687		
22.720		
22.754		
22.787		
22.821		
22.854		
22.888		
22.921		
22.954		
22.988		
23.021		
23.055		
23.088	94.73	-3.391
23.122		
23.155		
23.189		
23.222		
23.256		
23.289		
23.323		
23.356		
23.389		
23.423		
23.456		
23.490		
23.523		
23.557		
23.590		
23.624		
23.657		
23.691		
23.724		
23.758		
23.791		
23.824		
23.858		
23.891		
23.925		
23.958		
23.992		
24.025		
24.059		
24.092	94.83	-3.629
24.126		
24.159		
24.193		
24.226		
24.259		
24.293		
24.326		
24.360		
24.393		
24.427		
24.460		
24.494		
24.527		
24.561		
24.594		
24.628		
24.661		
24.694		
24.728		
24.761		
24.795		
24.828		
24.862		
24.895		
24.929		
24.962		
24.996		
25.029		
25.063		
25.096	95.44	-3.754
25.129		
25.163		
25.196		
25.230		
25.263		
25.297		
25.330		
25.364		
25.397		
25.431		
25.464		
25.498		
25.531		
25.564		
25.598		
25.631		
25.665		
25.698		
25.732		
25.765		
25.799		
25.832		
25.866		
25.899		
25.933		
25.966		
25.999		
26.033		
26.066		
26.100	95.03	-3.112
26.133		
26.167		
26.200		
26.234		
26.267		
26.301		
26.334		
26.368		
26.401		
26.434		
26.468		
26.501		
26.535		
26.568		
26.602		
26.635		
26.669		
26.702		
26.736		
26.769		
26.803		
26.836		
26.869		
26.903		
26.936		
26.970		
27.003		
27.037		
27.070		
27.104	95.08	-3.354
27.137		
27.171		
27.204		
27.238		
27.271		
27.304		
27.338		
27.371		
27.405		
27.438		
27.472		
27.505		
27.539		
27.572		
27.606		
27.639		
27.673		
27.706		
27.739		
27.773		
27.806		
27.840		
27.873		
27.907		
27.940		
27.974		
28.007		
28.041		
28.074		
28.108	95.32	-3.890
28.141		
28.174		
28.208		
28.241		
28.275		
28.308		
28.342		
28.375		
28.409		
28.442		
28.476		
28.509		
28.543		
28.576		
28.609		
28.643		
28.676		
28.710		
28.743		
28.777		
28.810		
28.844		
28.877		
28.911		
28.944		
28.978		
29.011		
29.044		
29.078		
29.111	95.35	-3.711
29.145		
29.178		
29.212		
29.245		
29.279		
29.312		
29.346		
29.379		
29.413		
29.446		
29.479		
29.513		
29.546		
29.580		
29.613		
29.647		
29.680		
29.714		
29.747		
29.781		
29.814		
29.848		
29.881		
29.914		
29.948		
29.981		
30.015		
30.048		
30.082		
30.115	95.55	-3.518
30.149		
30.182		
30.216		
30.249		
30.283		
30.316		
30.349		
30.383		
30.416		
30.450		
30.483		
30.517		
30.550		
30.584		
30.617		
30.651		
30.684		
30.718		
30.751		
30.784		
30.818		
30.851		
30.885		
30.918		
30.952		
30.985		
31.019		
31.052		
31.086		
31.119	96.49	-2.784
31.153		
31.186		
31.219		
31.253		
31.286		
31.320		
31.353		
31.387		
31.420		
31.454		
31.487		
31.521		
31.554		
31.587		
31.621		
31.654		
31.688		
31.721		
31.755		
31.788		
31.822		
31.855		
31.889		
31.922		
31.956		
31.989		
32.022		
32.056		
32.089		
32.123	97.29	-2.637
32.156		
32.190		
32.223		
32.257		
32.290		
32.324		
32.357		
32.391		
32.424		
32.457		
32.491		
32.524		
32.558		
32.591		
32.625		
32.658		
32.692		
32.725		
32.759		
32.792		
32.826		
32.859		
32.892		
32.926		
32.959		
32.993		
33.026		
33.060		
33.093		
33.127	98.66	-2.711
33.160		
33.194		
33.227		
33.261		
33.294		
33.327		
33.361		
33.394		
33.428		
33.461		
33.495		
33.528		
33.562		
33.595		
33.629		
33.662		
33.696		
33.729		
33.762		
33.796		
33.829		
33.863		
33.896		
33.930		
33.963		
33.997		
34.030		
34.064		
34.097		
34.131	98.63	-3.908
34.164		
34.197		
34.231		
34.264		
34.298		
34.331		
34.365		
34.398		
34.432		
34.465		
34.499		
34.532		
34.566		
34.599		
34.632		
34.666		
34.699		
34.733		
34.766		
34.800		
34.833		
34.867		
34.900		
34.934		
34.967		
35.001		
35.034		
35.067		
35.101		
35.134	99.18	-4.772
35.168		
35.201		
35.235		
35.268		
35.302		
35.335		
35.369		
35.402		
35.436		
35.469		
35.502		
35.536		
35.569		
35.603		
35.636		
35.670		
35.703		
35.737		
35.770		
35.804		
35.837		
35.871		
35.904		
35.937		
35.971		
36.004		
36.038		
36.071		
36.105		
36.138	99.30	-4.675
36.172		
36.205		
36.239		
36.272		
36.306		
36.339		
36.372		
36.406		
36.439		
36.473		
36.506		
36.540		
36.573		
36.607		
36.640		
36.674		
36.707		
36.741		
36.774		
36.807		
36.841		
36.874		
36.908		
36.941		
36.975		
37.008		
37.042		
37.075		
37.109		
37.142	99.85	-5.739
37.176		
37.209		
37.242		
37.276		
37.309		
37.343		
37.376		
37.410		
37.443		
37.477		
37.510		
37.544		
37.577		
37.611		
37.644		
37.677		
37.711		
37.744		
37.778		
37.811		
37.845		
37.878		
37.912		
37.945		
37.979		
38.012		
38.046		
38.079		
38.112		
38.146	100.1	-5.513
38.179		
38.213		
38.246		
38.280		
38.313		
38.347		
38.380		
38.414		
38.447		
38.481		
38.514		
38.547		
38.581		
38.614		
38.648		
38.681		
38.715		
38.748		
38.782		
38.815		
38.849		
38.882		
38.916		
38.949		
38.982		
39.016		
39.049		
39.083		
39.116		
39.150	100.4	-6.038
39.183		
39.217		
39.250		
39.284		
39.317		
39.351		
39.384		
39.417		
39.451		
39.484		
39.518		
39.551		
39.585		
39.618		
39.652		
39.685		
39.719		
39.752		
39.786		
39.819		
39.852		
39.886		
39.919		
39.953		
39.986		
40.020		
40.053		
40.087		
40.120		
40.154	100.2	-5.082
40.187		
40.221		
40.254		
40.287		
40.321		
40.354		
40.388		
40.421		
40.455		
40.488		
40.522		
40.555		
40.589		
40.622		
40.656		
40.689		
40.722		
40.756		
40.789		
40.823		
40.856		
40.890		
40.923		
40.957		
40.990		
41.024		
41.057		
41.091		
41.124		
41.157	99.87	-4.964
41.191		
41.224		
41.258		
41.291		
41.325		
41.358		
41.392		
41.425		
41.459		
41.492		
41.526		
41.559		
41.592		
41.626		
41.659		
41.693		
41.726		
41.760		
41.793		
41.827		
41.860		
41.894		
41.927		
41.961		
41.994		
42.027		
42.061		
42.094		
42.128		
42.161	99.94	-4.704
42.195		
42.228		
42.262		
42.295		
42.329		
42.362		
42.396		
42.429		
42.462		
42.496		
42.529		
42.563		
42.596		
42.630		
42.663		
42.697		
42.730		
42.764		
42.797		
42.831		
42.864		
42.897		
42.931		
42.964		
42.998		
43.031		
43.065		
43.098		
43.132		
43.165	99.77	-4.295
43.199		
43.232		
43.266		
43.299		
43.332		
43.366		
43.399		
43.433		
43.466		
43.500		
43.533		
43.567		
43.600		
43.634		
43.667		
43.701		
43.734		
43.767		
43.801		
43.834		
43.868		
43.901		
43.935		
43.968		
44.002		
44.035		
44.069		
44.102		
44.135		
44.169	99.45	-4.381
44.202		
44.236		
44.269		
44.303		
44.336		
44.370		
44.403		
44.437		
44.470		
44.504		
44.537		
44.570		
44.604		
44.637		
44.671		
44.704		
44.738		
44.771		
44.805		
44.838		
44.872		
44.905		
44.939		
44.972		
45.005		
45.039		
45.072		
45.106		
45.139		
45.173	99.38	-3.829
45.206		
45.240		
45.273		
45.307		
45.340		
45.374		
45.407		
45.440		
45.474		
45.507		
45.541		
45.574		
45.608		
45.641		
45.675		
45.708		
45.742		
45.775		
45.809		
45.842		
45.875		
45.909		
45.942		
45.976		
46.009		
46.043		
46.076		
46.110		
46.143		
46.177	99.64	-3.320
46.210		
46.244		
46.277		
46.310		
46.344		
46.377		
46.411		
46.444		
46.478		
46.511		
46.545		
46.578		
46.612		
46.645		
46.679		
46.712		
46.745		
46.779		
46.812		
46.846		
46.879		
46.913		
46.946		
46.980		
47.013		
47.047		
47.080		
47.114		
47.147		
47.180	98.71	-3.093
47.214		
47.247		
47.281		
47.314		
47.348		
47.381		
47.415		
47.448		
47.482		
47.515		
47.549		
47.582		
47.615		
47.649		
47.682		
47.716		
47.749		
47.783		
47.816		
47.850		
47.883		
47.917		
47.950		
47.984		
48.017		
48.050		
48.084		
48.117		
48.151		
48.184	98.71	-3.137
48.218		
48.251		
48.285		
48.318		
48.352		
48.385		
48.419		
48.452		
48.485		
48.519		
48.552		
48.586		
48.619		
48.653		
48.686		
48.720		
48.753		
48.787		
48.820		
48.854		
48.887		
48.920		
48.954		
48.987		
49.021		
49.054		
49.088		
49.121		
49.155		
49.188		
49.222		
49.255		
49.289		
49.322		
49.355		
49.389		
49.422		
49.456		
49.489		
49.523		
49.556		
49.590		
49.623		
49.657		
49.690		
49.724		
49.757		
49.790		
49.824		
49.857		
49.891		
49.924		
49.958		
49.991		
50.025		
50.058		
50.092		
50.125		
50.159		
50.192		
50.225		
50.259		
50.292		
50.326		
50.359		
50.393		
50.426		
50.460		
50.493		
50.527		
50.560		
50.594		
50.627		
50.660		
50.694		
50.727		
50.761		
50.794		
50.828		
50.861		
50.895		
50.928		
50.962		
50.995		
51.029		
51.062		
51.095		
51.129		
51.162		
51.196		
51.229		
51.263		
51.296		
51.330		
51.363		
51.397		
51.430		
51.464		
51.497		
51.530		
51.564		
51.597		
51.631		
51.664		
51.698		
51.731		
51.765		
51.798		
51.832		
51.865		
51.899		
51.932		
51.965		
51.999		
52.032		
52.066		
52.099		
52.133		
52.166		
52.200		
52.233		
52.267		
52.300		
52.334		
52.367		
52.400		
52.434		
52.467		
52.501		
52.534		
52.568		
52.601		
52.635		
52.668		
52.702		
52.735		
52.769		
52.802		
52.835		
52.869		
52.902		
52.936		
52.969		
53.003		
53.036		
53.070		
53.103		
53.137		
53.170		
53.204		
53.237		
53.270		
53.304		
53.337		
53.371		
53.404		
53.438		
53.471		
53.505		
53.538		
53.572		
53.605		
53.639		
53.672		
53.705		
53.739		
53.772		
53.806		
53.839		
53.873		
53.906		
53.940		
53.973		
54.007		
54.040		
54.074		
54.107		
54.140		
54.174		
54.207	101.1	-0.205
54.241		
54.274		
54.308		
54.341		
54.375		
54.408		
54.442		
54.475		
54.509		
54.542		
54.575		
54.609		
54.642		
54.676		
54.709		
54.743		
54.776		
54.810		
54.843		
54.877		
54.910		
54.944		
54.977		
55.010		
55.044		
55.077		
55.111		
55.144		
55.178		
55.211	101.3	-0.198
55.245		
55.278		
55.312		
55.345		
55.379		
55.412		
55.445		
55.479		
55.512		
55.546		
55.579		
55.613		
55.646		
55.680		
55.713		
55.747		
55.780		
55.814		
55.847		
55.880		
55.914		
55.947		
55.981		
56.014		
56.048		
56.081		
56.115		
56.148		
56.182		
56.215	101.5	-0.122
56.249		
56.282		
56.315		
56.349		
56.382		
56.416		
56.449		
56.483		
56.516		
56.550		
56.583		
56.617		
56.650		
56.683		
56.717		
56.750		
56.784		
56.817		
56.851		
56.884		
56.918		
56.951		
56.985		
57.018		
57.052		
57.085		
57.118		
57.152		
57.185		
57.219	100.5	1.280
57.252		
57.286		
57.319		
57.353		
57.386		
57.420		
57.453		
57.487		
57.520		
57.553		
57.587		
57.620		
57.654		
57.687		
57.721		
57.754		
57.788		
57.821		
57.855		
57.888		
57.922		
57.955		
57.988		
58.022		
58.055		
58.089		
58.122		
58.156		
58.189		
58.223	100.4	1.073
58.256		
58.290		
58.323		
58.357		
58.390		
58.423		
58.457		
58.490		
58.524		
58.557		
58.591		
58.624		
58.658		
58.691		
58.725		
58.758		
58.792		
58.825		
58.858		
58.892		
58.925		
58.959		
58.992		
59.026		
59.059		
59.093		
59.126		
59.160		
59.193		
59.227	99.88	1.154
59.260		
59.293		
59.327		
59.360		
59.394		
59.427		
59.461		
59.494		
59.528		
59.561		
59.595		
59.628		
59.662		
59.695		
59.728		
59.762		
59.795		
59.829		
59.862		
59.896		
59.929		
59.963		
59.996		
60.030		
60.063		
60.097		
60.130		
60.163		
60.197		
60.230	99.81	1.236
60.264		
60.297		
60.331		
60.364		
60.398		
60.431		
60.465		
60.498		
60.532		
60.565		
60.598		
60.632		
60.665		
60.699		
60.732		
60.766		
60.799		
60.833		
60.866		
60.900		
60.933		
60.967		
61.000		
61.033		
61.067		
61.100		
61.134		
61.167		
61.201		
61.234	98.44	1.264
61.268		
61.301		
61.335		
61.368		
61.402		
61.435		
61.468		
61.502		
61.535		
61.569		
61.602		
61.636		
61.669		
61.703		
61.736		
61.770		
61.803		
61.837		
61.870		
61.903		
61.937		
61.970		
62.004		
62.037		
62.071		
62.104		
62.138		
62.171		
62.205		
62.238	98.53	1.314
62.272		
62.305		
62.338		
62.372		
62.405		
62.439		
62.472		
62.506		
62.539		
62.573		
62.606		
62.640		
62.673		
62.707		
62.740		
62.773		
62.807		
62.840		
62.874		
62.907		
62.941		
62.974		
63.008		
63.041		
63.075		
63.108		
63.142		
63.175		
63.208		
63.242	98.24	1.379
63.275		
63.309		
63.342		
63.376		
63.409		
63.443		
63.476		
63.510		
63.543		
63.577		
63.610		
63.643		
63.677		
63.710		
63.744		
63.777		
63.811		
63.844		
63.878		
63.911		
63.945		
63.978		
64.012		
64.045		
64.078		
64.112		
64.145		
64.179		
64.212		
64.246	97.33	1.364
64.279		
64.313		
64.346		
64.380		
64.413		
64.447		
64.480		
64.513		
64.547		
64.580		
64.614		
64.647		
64.681		
64.714		
64.748		
64.781		
64.815		
64.848		
64.882		
64.915		
64.948		
64.982		
65.015		
65.049		
65.082		
65.116		
65.149		
65.183		
65.216		
65.250	97.63	1.383
65.283		
65.317		
65.350		
65.383		
65.417		
65.450		
65.484		
65.517		
65.551		
65.584		
65.618		
65.651		
65.685		
65.718		
65.752		
65.785		
65.818		
65.852		
65.885		
65.919		
65.952		
65.986		
66.019		
66.053		
66.086		
66.120		
66.153		
66.187		
66.220		
66.253	97.59	1.280
66.287		
66.320		
66.354		
66.387		
66.421		
66.454		
66.488		
66.521		
66.555		
66.588		
66.622		
66.655		
66.688		
66.722		
66.755		
66.789		
66.822		
66.856		
66.889		
66.923		
66.956		
66.990		
67.023		
67.057		
67.090		
67.123		
67.157		
67.190		
67.224		
67.257	97.60	1.257
67.291		
67.324		
67.358		
67.391		
67.425		
67.458		
67.492		
67.525		
67.558		
67.592		
67.625		
67.659		
67.692		
67.726		
67.759		
67.793		
67.826		
67.860		
67.893		
67.927		
67.960		
67.993		
68.027		
68.060		
68.094		
68.127		
68.161		
68.194		
68.228		
68.261	97.68	1.289
68.295		
68.328		
68.362		
68.395		
68.428		
68.462		
68.495		
68.529		
68.562		
68.596		
68.629		
68.663		
68.696		
68.730		
68.763		
68.797		
68.830		
68.863		
68.897		
68.930		
68.964		
68.997		
69.031		
69.064		
69.098		
69.131		
69.165		
69.198		
69.231		
69.265	97.91	1.308
69.298		
69.332		
69.365		
69.399		
69.432		
69.466		
69.499		
69.533		
69.566		
69.600		
69.633		
69.666		
69.700		
69.733		
69.767		
69.800		
69.834		
69.867		
69.901		
69.934		
69.968		
70.001		
70.035		
70.068		
70.101		
70.135		
70.168		
70.202		
70.235		
70.269	98.82	1.376
70.302		
70.336		
70.369		
70.403		
70.436		
70.470		
70.503		
70.536		
70.570		
70.603		
70.637		
70.670		
70.704		
70.737		
70.771		
70.804		
70.838		
70.871		
70.905		
70.938		
70.971		
71.005		
71.038		
71.072		
71.105		
71.139		
71.172		
71.206		
71.239		
71.273	99.93	1.332
71.306		
71.340		
71.373		
71.406		
71.440		
71.473		
71.507		
71.540		
71.574		
71.607		
71.641		
71.674		
71.708		
71.741		
71.775		
71.808		
71.841		
71.875		
71.908		
71.942		
71.975		
72.009		
72.042		
72.076		
72.109		
72.143		
72.176		
72.210		
72.243		
72.276	99.71	1.255
72.310		
72.343		
72.377		
72.410		
72.444		
72.477		
72.511		
72.544		
72.578		
72.611		
72.645		
72.678		
72.711		
72.745		
72.778		
72.812		
72.845		
72.879		
72.912		
72.946		
72.979		
73.013		
73.046		
73.080		
73.113		
73.146		
73.180		
73.213		
73.247		
73.280	98.96	1.338
73.314		
73.347		
73.381		
73.414		
73.448		
73.481		
73.515		
73.548		
73.581		
73.615		
73.648		
73.682		
73.715		
73.749		
73.782		
73.816		
73.849		
73.883		
73.916		
73.950		
73.983		
74.016		
74.050		
74.083		
74.117		
74.150		
74.184		
74.217		
74.251		
74.284	99.82	1.311
74.318		
74.351		
74.385		
74.418		
74.451		
74.485		
74.518		
74.552		
74.585		
74.619		
74.652		
74.686		
74.719		
74.753		
74.786		
74.820		
74.853		
74.886		
74.920		
74.953		
74.987		
75.020		
75.054		
75.087		
75.121		
75.154		
75.188		
75.221		
75.255		
75.288	99.79	1.316
75.321		
75.355		
75.388		
75.422		
75.455		
75.489		
75.522		
75.556		
75.589		
75.623		
75.656		
75.690		
75.723		
75.756		
75.790		
75.823		
75.857		
75.890		
75.924		
75.957		
75.991		
76.024		
76.058		
76.091		
76.125		
76.158		
76.191		
76.225		
76.258		
76.292	99.52	4.265
76.325		
76.359		
76.392		
76.426		
76.459		
76.493		
76.526		
76.560		
76.593		
76.626		
76.660		
76.693		
76.727		
76.760		
76.794		
76.827		
76.861		
76.894		
76.928		
76.961		
76.995		
77.028		
77.061		
77.095		
77.128		
77.162		
77.195		
77.229		
77.262		
77.296	99.94	4.080
77.329		
77.363		
77.396		
77.430		
77.463		
77.496		
77.530		
77.563		
77.597		
77.630		
77.664		
77.697		
77.731		
77.764		
77.798		
77.831		
77.865		
77.898		
77.931		
77.965		
77.998		
78.032		
78.065		
78.099		
78.132		
78.166		
78.199		
78.233		
78.266		
78.300	99.86	4.269
78.333		
78.366		
78.400		
78.433		
78.467		
78.500		
78.534		
78.567		
78.601		
78.634		
78.668		
78.701		
78.735		
78.768		
78.801		
78.835		
78.868		
78.902		
78.935		
78.969		
79.002		
79.036		
79.069		
79.103		
79.136		
79.170		
79.203		
79.236		
79.270		
79.303	100.1	4.117
79.337		
79.370		
79.404		
79.437		
79.471		
79.504		
79.538		
79.571		
79.605		
79.638		
79.671		
79.705		
79.738		
79.772		
79.805		
79.839		
79.872		
79.906		
79.939		
79.973		
80.006		
80.040		
80.073		
80.106		
80.140		
80.173		
80.207		
80.240		
80.274		
80.307	99.84	5.053
80.341		
80.374		
80.408		
80.441		
80.475		
80.508		
80.541		
80.575		
80.608		
80.642		
80.675		
80.709		
80.742		
80.776		
80.809		
80.843		
80.876		
80.910		
80.943		
80.976		
81.010		
81.043		
81.077		
81.110		
81.144		
81.177		
81.211		
81.244		
81.278		
81.311	100.7	3.617
81.345		
81.378		
81.411		
81.445		
81.478		
81.512		
81.545		
81.579		
81.612		
81.646		
81.679		
81.713		
81.746		
81.779		
81.813		
81.846		
81.880		
81.913		
81.947		
81.980		
82.014		
82.047		
82.081		
82.114		
82.148		
82.181		
82.214		
82.248		
82.281		
82.315	101.1	3.021
82.348		
82.382		
82.415		
82.449		
82.482		
82.516		
82.549		
82.583		
82.616		
82.649		
82.683		
82.716		
82.750		
82.783		
82.817		
82.850		
82.884		
82.917		
82.951		
82.984		
83.018		
83.051		
83.084		
83.118		
83.151		
83.185		
83.218		
83.252		
83.285		
83.319	101.2	3.219
83.352		
83.386		
83.419		
83.453		
83.486		
83.519		
83.553		
83.586		
83.620		
83.653		
83.687		
83.720		
83.754		
83.787		
83.821		
83.854		
83.888		
83.921		
83.954		
83.988		
84.021		
84.055		
84.088		
84.122		
84.155		
84.189		
84.222		
84.256		
84.289		
84.323	101.2	3.063
84.356		
84.389		
84.423		
84.456		
84.490		
84.523		
84.557		
84.590		
84.624		
84.657		
84.691		
84.724		
84.758		
84.791		
84.824		
84.858		
84.891		
84.925		
84.958		
84.992		
85.025		
85.059		
85.092		
85.126		
85.159		
85.193		
85.226		
85.259		
85.293		
85.326	102.1	2.047
85.360		
85.393		
85.427		
85.460		
85.494		
85.527		
85.561		
85.594		
85.628		
85.661		
85.694		
85.728		
85.761		
85.795		
85.828		
85.862		
85.895		
85.929		
85.962		
85.996		
86.029		
86.063		
86.096		
86.129		
86.163		
86.196		
86.230		
86.263		
86.297		
86.330	102.1	2.011
86.364		
86.397		
86.431		
86.464		
86.498		
86.531		
86.564		
86.598		
86.631		
86.665		
86.698		
86.732		
86.765		
86.799		
86.832		
86.866		
86.899		
86.933		
86.966		
86.999		
87.033		
87.066		
87.100		
87.133		
87.167		
87.200		
87.234		
87.267		
87.301		
87.334	102.3	2.029
87.368		
87.401		
87.434		
87.468		
87.501		
87.535		
87.568		
87.602		
87.635		
87.669		
87.702		
87.736		
87.769		
87.803		
87.836		
87.869		
87.903		
87.936		
87.970		
88.003		
88.037		
88.070		
88.104		
88.137		
88.171		
88.204		
88.238		
88.271		
88.304		
88.338	104.1	2.164
88.371		
88.405		
88.438		
88.472		
88.505		
88.539		
88.572		
88.606		
88.639		
88.673		
88.706		
88.739		
88.773		
88.806		
88.840		
88.873		
88.907		
88.940		
88.974		
89.007		
89.041		
89.074		
89.108		
89.141		
89.174		
89.208		
89.241		
89.275		
89.308		
89.342	102.4	2.514
89.375		
89.409		
89.442		
89.476		
89.509		
89.543		
89.576		
89.609		
89.643		
89.676		
89.710		
89.743		
89.777		
89.810		
89.844		
89.877		
89.911		
89.944		
89.978		
90.011		
90.044		
90.078		
90.111		
90.145		
90.178		
90.212		
90.245		
90.279		
90.312		
90.346	102.4	2.429
90.379		
90.413		
90.446		
90.479		
90.513		
90.546		
90.580		
90.613		
90.647		
90.680		
90.714		
90.747		
90.781		
90.814		
90.848		
90.881		
90.914		
90.948		
90.981		
91.015		
91.048		
91.082		
91.115		
91.149		
91.182		
91.216		
91.249		
91.283		
91.316		
91.349		
91.383		
91.416		
91.450		
91.483		
91.517		
91.550		
91.584		
91.617		
91.651		
91.684		
91.718		
91.751		
91.784		
91.818		
91.851		
91.885		
91.918		
91.952		
91.985		
92.019		
92.052		
92.086		
92.119		
92.153		
92.186		
92.219		
92.253		
92.286		
92.320		
92.353		
92.387		
92.420		
92.454		
92.487		
92.521		
92.554		
92.588		
92.621		
92.654		
92.688		
92.721		
92.755		
92.788		
92.822		
92.855		
92.889		
92.922		
92.956		
92.989		
93.023		
93.056		
93.089		
93.123		
93.156		
93.190		
93.223		
93.257		
93.290		
93.324		
93.357	105.9	1.697
93.391		
93.424		
93.458		
93.491		
93.524		
93.558		
93.591		
93.625		
93.658		
93.692		
93.725		
93.759		
93.792		
93.826		
93.859		
93.893		
93.926		
93.959		
93.993		
94.026		
94.060		
94.093		
94.127		
94.160		
94.194		
94.227		
94.261		
94.294		
94.327		
94.361	105.9	1.677
94.394		
94.428		
94.461		
94.495		
94.528		
94.562		
94.595		
94.629		
94.662		
94.696		
94.729		
94.762		
94.796		
94.829		
94.863		
94.896		
94.930		
94.963		
94.997		
95.030		
95.064		
95.097		
95.131		
95.164		
95.197		
95.231		
95.264		
95.298		
95.331		
95.365	104.1	1.697
95.398		
95.432		
95.465		
95.499		
95.532		
95.566		
95.599		
95.632		
95.666		
95.699		
95.733		
95.766		
95.800		
95.833		
95.867		
95.900		
95.934		
95.967		
96.001		
96.034		
96.067		
96.101		
96.134		
96.168		
96.201		
96.235		
96.268		
96.302		
96.335		
96.369	104.1	1.668
96.402		
96.436		
96.469		
96.502		
96.536		
96.569		
96.603		
96.636		
96.670		
96.703		
96.737		
96.770		
96.804		
96.837		
96.871		
96.904		
96.937		
96.971		
97.004		
97.038		
97.071		
97.105		
97.138		
97.172		
97.205		
97.239		
97.272		
97.306		
97.339		
97.372	104.1	1.720
97.406		
97.439		
97.473		
97.506		
97.540		
97.573		
97.607		
97.640		
97.674		
97.707		
97.741		
97.774		
97.807		
97.841		
97.874		
97.908		
97.941		
97.975		
98.008		
98.042		
98.075		
98.109		
98.142		
98.176		
98.209		
98.242		
98.276		
98.309		
98.343		
98.376	104.0	1.732
98.410		
98.443		
98.477		
98.510		
98.544		
98.577		
98.611		
98.644		
98.677		
98.711		
98.744		
98.778		
98.811		
98.845		
98.878		
98.912		
98.945		
98.979		
99.012		
99.046		
99.079		
99.112		
99.146		
99.179		
99.213		
99.246		
99.280		
99.313		
99.347		
99.380	104.1	1.723
99.414		
99.447		
99.481		
99.514		
99.547		
99.581		
99.614		
99.648		
99.681		
99.715		
99.748		
99.782		
99.815		
99.849		
99.882		
99.916		
99.949		
99.982		
100.016		
100.049		
100.083		
100.116		
100.150		
100.183		
100.217		
100.250		
100.284		
100.317		
100.351		
100.384	102.2	1.663
100.417		
100.451		
100.484		
100.518		
100.551		
100.585		
100.618		
100.652		
100.685		
100.719		
100.752		
100.786		
100.819		
100.852		
100.886		
100.919		
100.953		
100.986		
101.020		
101.053		
101.087		
101.120		
101.154		
101.187		
101.221		
101.254		
101.287		
101.321		
101.354		
101.388	102.9	2.514
101.421		
101.455		
101.488		
101.522		
101.555		
101.589		
101.622		
101.656		
101.689		
101.722		
101.756		
101.789		
101.823		
101.856		
101.890		
101.923		
101.957		
101.990		
102.024		
102.057		
102.091		
102.124		
102.157		
102.191		
102.224		
102.258		
102.291		
102.325		
102.358		
102.392	102.9	2.555
102.425		
102.459		
102.492		
102.526		
102.559		
102.592		
102.626		
102.659		
102.693		
102.726		
102.760		
102.793		
102.827		
102.860		
102.894		
102.927		
102.961		
102.994		
103.027		
103.061		
103.094		
103.128		
103.161		
103.195		
103.228		
103.262		
103.295		
103.329		
103.362		
103.396	102.8	2.527
103.429		
103.462		
103.496		
103.529		
103.563		
103.596		
103.630		
103.663		
103.697		
103.730		
103.764		
103.797		
103.831		
103.864		
103.897		
103.931		
103.964		
103.998		
104.031		
104.065		
104.098		
104.132		
104.165		
104.199		
104.232		
104.266		
104.299		
104.332		
104.366		
104.399	103.4	2.630
104.433		
104.466		
104.500		
104.533		
104.567		
104.600		
104.634		
104.667		
104.701		
104.734		
104.767		
104.801		
104.834		
104.868		
104.901		
104.935		
104.968		
105.002		
105.035		
105.069		
105.102		
105.136		
105.169		
105.202		
105.236		
105.269		
105.303		
105.336		
105.370		
105.403	103.3	2.398
105.437		
105.470		
105.504		
105.537		
105.571		
105.604		
105.637		
105.671		
105.704		
105.738		
105.771		
105.805		
105.838		
105.872		
105.905		
105.939		
105.972		
106.006		
106.039		
106.072		
106.106		
106.139		
106.173		
106.206		
106.240		
106.273		
106.307		
106.340		
106.374		
106.407	103.3	2.407
106.441		
106.474		
106.507		
106.541		
106.574		
106.608		
106.641		
106.675		
106.708		
106.742		
106.775		
106.809		
106.842		
106.875		
106.909		
106.942		
106.976		
107.009		
107.043		
107.076		
107.110		
107.143		
107.177		
107.210		
107.244		
107.277		
107.310		
107.344		
107.377		
107.411	103.3	2.431
107.444		
107.478		
107.511		
107.545		
107.578		
107.612		
107.645		
107.679		
107.712		
107.745		
107.779		
107.812		
107.846		
107.879		
107.913		
107.946		
107.980		
108.013		
108.047		
108.080		
108.114		
108.147		
108.180		
108.214		
108.247		
108.281		
108.314		
108.348		
108.381		
108.415	103.3	2.340
108.448		
108.482		
108.515		
108.549		
108.582		
108.615		
108.649		
108.682		
108.716		
108.749		
108.783		
108.816		
108.850		
108.883		
108.917		
108.950		
108.984		
109.017		
109.050		
109.084		
109.117		
109.151		
109.184		
109.218		
109.251		
109.285		
109.318		
109.352		
109.385		
109.419	103.3	4.444
109.452		
109.485		
109.519		
109.552		
109.586		
109.619		
109.653		
109.686		
109.720		
109.753		
109.787		
109.820		
109.854		
109.887		
109.920		
109.954		
109.987		
110.021		
110.054		
110.088		
110.121		
110.155		
110.188		
110.222		
110.255		
110.289		
110.322		
110.355		
110.389		
110.422	103.3	4.925
110.456		
110.489		
110.523		
110.556		
110.590		
110.623		
110.657		
110.690		
110.724		
110.757		
110.790		
110.824		
110.857		
110.891		
110.924		
110.958		
110.991		
111.025		
111.058		
111.092		
111.125		
111.159		
111.192		
111.225		
111.259		
111.292		
111.326		
111.359		
111.393		
111.426	103.3	5.370
111.460		
111.493		
111.527		
111.560		
111.594		
111.627		
111.660		
111.694		
111.727		
111.761		
111.794		
111.828		
111.861		
111.895		
111.928		
111.962		
111.995		
112.029		
112.062		
112.095		
112.129		
112.162		
112.196		
112.229		
112.263		
112.296		
112.330		
112.363		
112.397		
112.430	103.3	6.105
112.464		
112.497		
112.530		
112.564		
112.597		
112.631		
112.664		
112.698		
112.731		
112.765		
112.798		
112.832		
112.865		
112.899		
112.932		
112.965		
112.999		
113.032		
113.066		
113.099		
113.133		
113.166		
113.200		
113.233		
113.267		
113.300		
113.334		
113.367		
113.400		
113.434	103.3	6.469
113.467		
113.501		
113.534		
113.568		
113.601		
113.635		
113.668		
113.702		
113.735		
113.769		
113.802		
113.835		
113.869		
113.902		
113.936		
113.969		
114.003		
114.036		
114.070		
114.103		
114.137		
114.170		
114.204		
114.237		
114.270		
114.304		
114.337		
114.371		
114.404		
114.438	103.3	6.535
114.471		
114.505		
114.538		
114.572		
114.605		
114.639		
114.672		
114.705		
114.739		
114.772		
114.806		
114.839		
114.873		
114.906		
114.940		
114.973		
115.007		
115.040		
115.074		
115.107		
115.140		
115.174		
115.207		
115.241		
115.274		
115.308		
115.341		
115.375		
115.408		
115.442	101.8	5.572
115.475		
115.509		
115.542		
115.575		
115.609		
115.642		
115.676		
115.709		
115.743		
115.776		
115.810		
115.843		
115.877		
115.910		
115.944		
115.977		
116.010		
116.044		
116.077		
116.111		
116.144		
116.178		
116.211		
116.245		
116.278		
116.312		
116.345		
116.379		
116.412		
116.445	101.8	5.461
116.479		
116.512		
116.546		
116.579		
116.613		
116.646		
116.680		
116.713		
116.747		
116.780		
116.814		
116.847		
116.880		
116.914		
116.947		
116.981		
117.014		
117.048		
117.081		
117.115		
117.148		
117.182		
117.215		
117.249		
117.282		
117.315		
117.349		
117.382		
117.416		
117.449	101.9	5.544
117.483		
117.516		
117.550		
117.583		
117.617		
117.650		
117.684		
117.717		
117.750		
117.784		
117.817		
117.851		
117.884		
117.918		
117.951		
117.985		
118.018		
118.052		
118.085		
118.119		
118.152		
118.185		
118.219		
118.252		
118.286		
118.319		
118.353		
118.386		
118.420		
118.453	101.4	6.537
118.487		
118.520		
118.554		
118.587		
118.620		
118.654		
118.687		
118.721		
118.754		
118.788		
118.821		
118.855		
118.888		
118.922		
118.955		
118.989		
119.022		
119.055		
119.089		
119.122		
119.156		
119.189		
119.223		
119.256		
119.290		
119.323		
119.357		
119.390		
119.423		
119.457	101.2	6.277
119.490		
119.524		
119.557		
119.591		
119.624		
119.658		
119.691		
119.725		
119.758		
119.792		
119.825		
119.858		
119.892		
119.925		
119.959		
119.992		
120.026		
120.059		
120.093		
120.126		
120.160		
120.193		
120.227		
120.260		
120.293		
120.327		
120.360		
120.394		
120.427		
120.461	101.1	6.215
120.494		
120.528		
120.561		
120.595		
120.628		
120.662		
120.695		
120.728		
120.762		
120.795		
120.829		
120.862		
120.896		
120.929		
120.963		
120.996		
121.030		
121.063		
121.097		
121.130		
121.163		
121.197		
121.230		
121.264		
121.297		
121.331		
121.364		
121.398		
121.431		
121.465	100.0	6.170
121.498		
121.532		
121.565		
121.598		
121.632		
121.665		
121.699		
121.732		
121.766		
121.799		
121.833		
121.866		
121.900		
121.933		
121.967		
122.000		
122.033		
122.067		
122.100		
122.134		
122.167		
122.201		
122.234		
122.268		
122.301		
122.335		
122.368		
122.402		
122.435		
122.468	100.9	5.854
122.502		
122.535		
122.569		
122.602		
122.636		
122.669		
122.703		
122.736		
122.770		
122.803		
122.837		
122.870		
122.903		
122.937		
122.970		
123.004		
123.037		
123.071		
123.104		
123.138		
123.171		
123.205		
123.238		
123.272		
123.305		
123.338		
123.372		
123.405		
123.439		
123.472	102.2	6.620
123.506		
123.539		
123.573		
123.606		
123.640		
123.673		
123.707		
123.740		
123.773		
123.807		
123.840		
123.874		
123.907		
123.941		
123.974		
124.008		
124.041		
124.075		
124.108		
124.142		
124.175		
124.208		
124.242		
124.275		
124.309		
124.342		
124.376		
124.409		
124.443		
124.476	102.3	6.591
124.510		
124.543		
124.577		
124.610		
124.643		
124.677		
124.710		
124.744		
124.777		
124.811		
124.844		
124.878		
124.911		
124.945		
124.978		
125.012		
125.045		
125.078		
125.112		
125.145		
125.179		
125.212		
125.246		
125.279		
125.313		
125.346		
125.380		
125.413		
125.447		
125.480	102.3	6.869
