	质量 D		
t	x	y	
0.000	104.2	6.480
0.033		
0.067		
0.100		
0.134		
0.167		
0.201		
0.234		
0.268		
0.301		
0.334		
0.368		
0.401		
0.435		
0.468		
0.502		
0.535		
0.569		
0.602		
0.635		
0.669		
0.702		
0.736		
0.769		
0.803		
0.836		
0.869		
0.903		
0.936		
0.970		
1.003	104.2	6.484
1.037		
1.070		
1.104		
1.137		
1.170		
1.204		
1.237		
1.271		
1.304		
1.338		
1.371		
1.405		
1.438		
1.471		
1.505		
1.538		
1.572		
1.605		
1.639		
1.672		
1.706		
1.739		
1.772		
1.806		
1.839		
1.873		
1.906		
1.940		
1.973		
2.007	104.9	6.346
2.040		
2.073		
2.107		
2.140		
2.174		
2.207		
2.241		
2.274		
2.307		
2.341		
2.374		
2.408		
2.441		
2.475		
2.508		
2.542		
2.575		
2.608		
2.642		
2.675		
2.709		
2.742		
2.776		
2.809		
2.843		
2.876		
2.909		
2.943		
2.976		
3.010	104.9	6.359
3.043		
3.077		
3.110		
3.144		
3.177		
3.210		
3.244		
3.277		
3.311		
3.344		
3.378		
3.411		
3.445		
3.478		
3.511		
3.545		
3.578		
3.612		
3.645		
3.679		
3.712		
3.745		
3.779		
3.812		
3.846		
3.879		
3.913		
3.946		
3.980		
4.013	105.0	6.222
4.046		
4.080		
4.113		
4.147		
4.180		
4.214		
4.247		
4.281		
4.314		
4.347		
4.381		
4.414		
4.448		
4.481		
4.515		
4.548		
4.582		
4.615		
4.648		
4.682		
4.715		
4.749		
4.782		
4.816		
4.849		
4.883		
4.916		
4.949		
4.983		
5.016	106.5	7.383
5.050		
5.083		
5.117		
5.150		
5.183		
5.217		
5.250		
5.284		
5.317		
5.351		
5.384		
5.418		
5.451		
5.484		
5.518		
5.551		
5.585		
5.618		
5.652		
5.685		
5.719		
5.752		
5.785		
5.819		
5.852		
5.886		
5.919		
5.953		
5.986		
6.020	106.5	7.458
6.053		
6.086		
6.120		
6.153		
6.187		
6.220		
6.254		
6.287		
6.321		
6.354		
6.387		
6.421		
6.454		
6.488		
6.521		
6.555		
6.588		
6.621		
6.655		
6.688		
6.722		
6.755		
6.789		
6.822		
6.856		
6.889		
6.922		
6.956		
6.989		
7.023	108.0	7.772
7.056		
7.090		
7.123		
7.157		
7.190		
7.223		
7.257		
7.290		
7.324		
7.357		
7.391		
7.424		
7.458		
7.491		
7.524		
7.558		
7.591		
7.625		
7.658		
7.692		
7.725		
7.759		
7.792		
7.825		
7.859		
7.892		
7.926		
7.959		
7.993		
8.026	108.0	7.716
8.059		
8.093		
8.126		
8.160		
8.193		
8.227		
8.260		
8.294		
8.327		
8.360		
8.394		
8.427		
8.461		
8.494		
8.528		
8.561		
8.595		
8.628		
8.661		
8.695		
8.728		
8.762		
8.795		
8.829		
8.862		
8.896		
8.929		
8.962		
8.996		
9.029	108.8	8.615
9.063		
9.096		
9.130		
9.163		
9.197		
9.230		
9.263		
9.297		
9.330		
9.364		
9.397		
9.431		
9.464		
9.497		
9.531		
9.564		
9.598		
9.631		
9.665		
9.698		
9.732		
9.765		
9.798		
9.832		
9.865		
9.899		
9.932		
9.966		
9.999		
10.033	108.7	8.623
10.066		
10.099		
10.133		
10.166		
10.200		
10.233		
10.267		
10.300		
10.334		
10.367		
10.400		
10.434		
10.467		
10.501		
10.534		
10.568		
10.601		
10.634		
10.668		
10.701		
10.735		
10.768		
10.802		
10.835		
10.869		
10.902		
10.935		
10.969		
11.002		
11.036	109.0	8.594
11.069		
11.103		
11.136		
11.170		
11.203		
11.236		
11.270		
11.303		
11.337		
11.370		
11.404		
11.437		
11.471		
11.504		
11.537		
11.571		
11.604		
11.638		
11.671		
11.705		
11.738		
11.772		
11.805		
11.838		
11.872		
11.905		
11.939		
11.972		
12.006		
12.039	108.8	8.479
12.072		
12.106		
12.139		
12.173		
12.206		
12.240		
12.273		
12.307		
12.340		
12.373		
12.407		
12.440		
12.474		
12.507		
12.541		
12.574		
12.608		
12.641		
12.674		
12.708		
12.741		
12.775		
12.808		
12.842		
12.875		
12.909		
12.942		
12.975		
13.009		
13.042	107.1	9.068
13.076		
13.109		
13.143		
13.176		
13.210		
13.243		
13.276		
13.310		
13.343		
13.377		
13.410		
13.444		
13.477		
13.510		
13.544		
13.577		
13.611		
13.644		
13.678		
13.711		
13.745		
13.778		
13.811		
13.845		
13.878		
13.912		
13.945		
13.979		
14.012		
14.046	107.9	9.522
14.079		
14.112		
14.146		
14.179		
14.213		
14.246		
14.280		
14.313		
14.347		
14.380		
14.413		
14.447		
14.480		
14.514		
14.547		
14.581		
14.614		
14.648		
14.681		
14.714		
14.748		
14.781		
14.815		
14.848		
14.882		
14.915		
14.948		
14.982		
15.015		
15.049	107.9	9.110
15.082		
15.116		
15.149		
15.183		
15.216		
15.249		
15.283		
15.316		
15.350		
15.383		
15.417		
15.450		
15.484		
15.517		
15.550		
15.584		
15.617		
15.651		
15.684		
15.718		
15.751		
15.785		
15.818		
15.851		
15.885		
15.918		
15.952		
15.985		
16.019		
16.052	107.9	8.817
16.086		
16.119		
16.152		
16.186		
16.219		
16.253		
16.286		
16.320		
16.353		
16.386		
16.420		
16.453		
16.487		
16.520		
16.554		
16.587		
16.621		
16.654		
16.687		
16.721		
16.754		
16.788		
16.821		
16.855		
16.888		
16.922		
16.955		
16.988		
17.022		
17.055	107.8	9.004
17.089		
17.122		
17.156		
17.189		
17.223		
17.256		
17.289		
17.323		
17.356		
17.390		
17.423		
17.457		
17.490		
17.524		
17.557		
17.590		
17.624		
17.657		
17.691		
17.724		
17.758		
17.791		
17.824		
17.858		
17.891		
17.925		
17.958		
17.992		
18.025		
18.059	107.9	9.361
18.092		
18.125		
18.159		
18.192		
18.226		
18.259		
18.293		
18.326		
18.360		
18.393		
18.426		
18.460		
18.493		
18.527		
18.560		
18.594		
18.627		
18.661		
18.694		
18.727		
18.761		
18.794		
18.828		
18.861		
18.895		
18.928		
18.962		
18.995		
19.028		
19.062	108.0	8.631
19.095		
19.129		
19.162		
19.196		
19.229		
19.262		
19.296		
19.329		
19.363		
19.396		
19.430		
19.463		
19.497		
19.530		
19.563		
19.597		
19.630		
19.664		
19.697		
19.731		
19.764		
19.798		
19.831		
19.864		
19.898		
19.931		
19.965		
19.998		
20.032		
20.065	108.9	10.11
20.099		
20.132		
20.165		
20.199		
20.232		
20.266		
20.299		
20.333		
20.366		
20.400		
20.433		
20.466		
20.500		
20.533		
20.567		
20.600		
20.634		
20.667		
20.700		
20.734		
20.767		
20.801		
20.834		
20.868		
20.901		
20.935		
20.968		
21.001		
21.035		
21.068	109.0	10.94
21.102		
21.135		
21.169		
21.202		
21.236		
21.269		
21.302		
21.336		
21.369		
21.403		
21.436		
21.470		
21.503		
21.537		
21.570		
21.603		
21.637		
21.670		
21.704		
21.737		
21.771		
21.804		
21.838		
21.871		
21.904		
21.938		
21.971		
22.005		
22.038		
22.072	107.7	11.40
22.105		
22.138		
22.172		
22.205		
22.239		
22.272		
22.306		
22.339		
22.373		
22.406		
22.439		
22.473		
22.506		
22.540		
22.573		
22.607		
22.640		
22.674		
22.707		
22.740		
22.774		
22.807		
22.841		
22.874		
22.908		
22.941		
22.975		
23.008		
23.041		
23.075	107.7	10.88
23.108		
23.142		
23.175		
23.209		
23.242		
23.276		
23.309		
23.342		
23.376		
23.409		
23.443		
23.476		
23.510		
23.543		
23.576		
23.610		
23.643		
23.677		
23.710		
23.744		
23.777		
23.811		
23.844		
23.877		
23.911		
23.944		
23.978		
24.011		
24.045		
24.078	107.7	10.75
24.112		
24.145		
24.178		
24.212		
24.245		
24.279		
24.312		
24.346		
24.379		
24.413		
24.446		
24.479		
24.513		
24.546		
24.580		
24.613		
24.647		
24.680		
24.714		
24.747		
24.780		
24.814		
24.847		
24.881		
24.914		
24.948		
24.981		
25.014		
25.048		
25.081	106.3	11.99
25.115		
25.148		
25.182		
25.215		
25.249		
25.282		
25.315		
25.349		
25.382		
25.416		
25.449		
25.483		
25.516		
25.550		
25.583		
25.616		
25.650		
25.683		
25.717		
25.750		
25.784		
25.817		
25.851		
25.884		
25.917		
25.951		
25.984		
26.018		
26.051		
26.085	106.4	13.88
26.118		
26.152		
26.185		
26.218		
26.252		
26.285		
26.319		
26.352		
26.386		
26.419		
26.452		
26.486		
26.519		
26.553		
26.586		
26.620		
26.653		
26.687		
26.720		
26.753		
26.787		
26.820		
26.854		
26.887		
26.921		
26.954		
26.988		
27.021		
27.054		
27.088	107.7	14.64
27.121		
27.155		
27.188		
27.222		
27.255		
27.289		
27.322		
27.355		
27.389		
27.422		
27.456		
27.489		
27.523		
27.556		
27.590		
27.623		
27.656		
27.690		
27.723		
27.757		
27.790		
27.824		
27.857		
27.890		
27.924		
27.957		
27.991		
28.024		
28.058		
28.091	107.8	15.06
28.125		
28.158		
28.191		
28.225		
28.258		
28.292		
28.325		
28.359		
28.392		
28.426		
28.459		
28.492		
28.526		
28.559		
28.593		
28.626		
28.660		
28.693		
28.727		
28.760		
28.793		
28.827		
28.860		
28.894		
28.927		
28.961		
28.994		
29.027		
29.061		
29.094	108.5	15.23
29.128		
29.161		
29.195		
29.228		
29.262		
29.295		
29.328		
29.362		
29.395		
29.429		
29.462		
29.496		
29.529		
29.563		
29.596		
29.629		
29.663		
29.696		
29.730		
29.763		
29.797		
29.830		
29.864		
29.897		
29.930		
29.964		
29.997		
30.031		
30.064		
30.098	108.5	15.24
30.131		
30.165		
30.198		
30.231		
30.265		
30.298		
30.332		
30.365		
30.399		
30.432		
30.465		
30.499		
30.532		
30.566		
30.599		
30.633		
30.666		
30.700		
30.733		
30.766		
30.800		
30.833		
30.867		
30.900		
30.934		
30.967		
31.001		
31.034		
31.067		
31.101	109.1	14.00
31.134		
31.168		
31.201		
31.235		
31.268		
31.302		
31.335		
31.368		
31.402		
31.435		
31.469		
31.502		
31.536		
31.569		
31.603		
31.636		
31.669		
31.703		
31.736		
31.770		
31.803		
31.837		
31.870		
31.903		
31.937		
31.970		
32.004		
32.037		
32.071		
32.104	109.8	13.42
32.138		
32.171		
32.204		
32.238		
32.271		
32.305		
32.338		
32.372		
32.405		
32.439		
32.472		
32.505		
32.539		
32.572		
32.606		
32.639		
32.673		
32.706		
32.740		
32.773		
32.806		
32.840		
32.873		
32.907		
32.940		
32.974		
33.007		
33.041		
33.074		
33.107	109.1	13.96
33.141		
33.174		
33.208		
33.241		
33.275		
33.308		
33.341		
33.375		
33.408		
33.442		
33.475		
33.509		
33.542		
33.576		
33.609		
33.642		
33.676		
33.709		
33.743		
33.776		
33.810		
33.843		
33.877		
33.910		
33.943		
33.977		
34.010		
34.044		
34.077		
34.111	109.4	14.11
34.144		
34.178		
34.211		
34.244		
34.278		
34.311		
34.345		
34.378		
34.412		
34.445		
34.479		
34.512		
34.545		
34.579		
34.612		
34.646		
34.679		
34.713		
34.746		
34.779		
34.813		
34.846		
34.880		
34.913		
34.947		
34.980		
35.014		
35.047		
35.080		
35.114	109.1	14.14
35.147		
35.181		
35.214		
35.248		
35.281		
35.315		
35.348		
35.381		
35.415		
35.448		
35.482		
35.515		
35.549		
35.582		
35.616		
35.649		
35.682		
35.716		
35.749		
35.783		
35.816		
35.850		
35.883		
35.917		
35.950		
35.983		
36.017		
36.050		
36.084		
36.117	109.1	14.06
36.151		
36.184		
36.217		
36.251		
36.284		
36.318		
36.351		
36.385		
36.418		
36.452		
36.485		
36.518		
36.552		
36.585		
36.619		
36.652		
36.686		
36.719		
36.753		
36.786		
36.819		
36.853		
36.886		
36.920		
36.953		
36.987		
37.020		
37.054		
37.087		
37.120	109.6	13.68
37.154		
37.187		
37.221		
37.254		
37.288		
37.321		
37.355		
37.388		
37.421		
37.455		
37.488		
37.522		
37.555		
37.589		
37.622		
37.655		
37.689		
37.722		
37.756		
37.789		
37.823		
37.856		
37.890		
37.923		
37.956		
37.990		
38.023		
38.057		
38.090		
38.124	110.4	13.75
38.157		
38.191		
38.224		
38.257		
38.291		
38.324		
38.358		
38.391		
38.425		
38.458		
38.492		
38.525		
38.558		
38.592		
38.625		
38.659		
38.692		
38.726		
38.759		
38.793		
38.826		
38.859		
38.893		
38.926		
38.960		
38.993		
39.027		
39.060		
39.093		
39.127	111.2	14.74
39.160		
39.194		
39.227		
39.261		
39.294		
39.328		
39.361		
39.394		
39.428		
39.461		
39.495		
39.528		
39.562		
39.595		
39.629		
39.662		
39.695		
39.729		
39.762		
39.796		
39.829		
39.863		
39.896		
39.930		
39.963		
39.996		
40.030		
40.063		
40.097		
40.130	112.1	14.64
40.164		
40.197		
40.231		
40.264		
40.297		
40.331		
40.364		
40.398		
40.431		
40.465		
40.498		
40.531		
40.565		
40.598		
40.632		
40.665		
40.699		
40.732		
40.766		
40.799		
40.832		
40.866		
40.899		
40.933		
40.966		
41.000		
41.033		
41.067		
41.100		
41.133	112.9	15.40
41.167		
41.200		
41.234		
41.267		
41.301		
41.334		
41.368		
41.401		
41.434		
41.468		
41.501		
41.535		
41.568		
41.602		
41.635		
41.669		
41.702		
41.735		
41.769		
41.802		
41.836		
41.869		
41.903		
41.936		
41.969		
42.003		
42.036		
42.070		
42.103		
42.137	113.1	15.67
42.170		
42.204		
42.237		
42.270		
42.304		
42.337		
42.371		
42.404		
42.438		
42.471		
42.505		
42.538		
42.571		
42.605		
42.638		
42.672		
42.705		
42.739		
42.772		
42.806		
42.839		
42.872		
42.906		
42.939		
42.973		
43.006		
43.040		
43.073		
43.107		
43.140	113.0	17.16
43.173		
43.207		
43.240		
43.274		
43.307		
43.341		
43.374		
43.407		
43.441		
43.474		
43.508		
43.541		
43.575		
43.608		
43.642		
43.675		
43.708		
43.742		
43.775		
43.809		
43.842		
43.876		
43.909		
43.943		
43.976		
44.009		
44.043		
44.076		
44.110		
44.143	112.2	18.11
44.177		
44.210		
44.244		
44.277		
44.310		
44.344		
44.377		
44.411		
44.444		
44.478		
44.511		
44.545		
44.578		
44.611		
44.645		
44.678		
44.712		
44.745		
44.779		
44.812		
44.845		
44.879		
44.912		
44.946		
44.979		
45.013		
45.046		
45.080		
45.113		
45.146	114.3	17.19
45.180		
45.213		
45.247		
45.280		
45.314		
45.347		
45.381		
45.414		
45.447		
45.481		
45.514		
45.548		
45.581		
45.615		
45.648		
45.682		
45.715		
45.748		
45.782		
45.815		
45.849		
45.882		
45.916		
45.949		
45.983		
46.016		
46.049		
46.083		
46.116		
46.150	114.8	17.38
46.183		
46.217		
46.250		
46.283		
46.317		
46.350		
46.384		
46.417		
46.451		
46.484		
46.518		
46.551		
46.584		
46.618		
46.651		
46.685		
46.718		
46.752		
46.785		
46.819		
46.852		
46.885		
46.919		
46.952		
46.986		
47.019		
47.053		
47.086		
47.120		
47.153	114.0	17.74
47.186		
47.220		
47.253		
47.287		
47.320		
47.354		
47.387		
47.421		
47.454		
47.487		
47.521		
47.554		
47.588		
47.621		
47.655		
47.688		
47.721		
47.755		
47.788		
47.822		
47.855		
47.889		
47.922		
47.956		
47.989		
48.022		
48.056		
48.089		
48.123		
48.156	114.0	17.76
48.190		
48.223		
48.257		
48.290		
48.323		
48.357		
48.390		
48.424		
48.457		
48.491		
48.524		
48.558		
48.591		
48.624		
48.658		
48.691		
48.725		
48.758		
48.792		
48.825		
48.858		
48.892		
48.925		
48.959		
48.992		
49.026		
49.059		
49.093		
49.126		
49.159	113.4	17.83
49.193		
49.226		
49.260		
49.293		
49.327		
49.360		
49.394		
49.427		
49.460		
49.494		
49.527		
49.561		
49.594		
49.628		
49.661		
49.695		
49.728		
49.761		
49.795		
49.828		
49.862		
49.895		
49.929		
49.962		
49.996		
50.029		
50.062		
50.096		
50.129		
50.163	113.7	19.30
50.196		
50.230		
50.263		
50.296		
50.330		
50.363		
50.397		
50.430		
50.464		
50.497		
50.531		
50.564		
50.597		
50.631		
50.664		
50.698		
50.731		
50.765		
50.798		
50.832		
50.865		
50.898		
50.932		
50.965		
50.999		
51.032		
51.066		
51.099		
51.133		
51.166	115.0	19.21
51.199		
51.233		
51.266		
51.300		
51.333		
51.367		
51.400		
51.434		
51.467		
51.500		
51.534		
51.567		
51.601		
51.634		
51.668		
51.701		
51.734		
51.768		
51.801		
51.835		
51.868		
51.902		
51.935		
51.969		
52.002		
52.035		
52.069		
52.102		
52.136		
52.169	115.4	19.32
52.203		
52.236		
52.270		
52.303		
52.336		
52.370		
52.403		
52.437		
52.470		
52.504		
52.537		
52.571		
52.604		
52.637		
52.671		
52.704		
52.738		
52.771		
52.805		
52.838		
52.872		
52.905		
52.938		
52.972		
53.005		
53.039		
53.072		
53.106		
53.139		
53.172	114.2	19.22
53.206		
53.239		
53.273		
53.306		
53.340		
53.373		
53.407		
53.440		
53.473		
53.507		
53.540		
53.574		
53.607		
53.641		
53.674		
53.708		
53.741		
53.774		
53.808		
53.841		
53.875		
53.908		
53.942		
53.975		
54.009		
54.042		
54.075		
54.109		
54.142		
54.176	114.0	19.21
54.209		
54.243		
54.276		
54.310		
54.343		
54.376		
54.410		
54.443		
54.477		
54.510		
54.544		
54.577		
54.610		
54.644		
54.677		
54.711		
54.744		
54.778		
54.811		
54.845		
54.878		
54.911		
54.945		
54.978		
55.012		
55.045		
55.079		
55.112		
55.146		
55.179	114.9	19.29
55.212		
55.246		
55.279		
55.313		
55.346		
55.380		
55.413		
55.447		
55.480		
55.513		
55.547		
55.580		
55.614		
55.647		
55.681		
55.714		
55.748		
55.781		
55.814		
55.848		
55.881		
55.915		
55.948		
55.982		
56.015		
56.048		
56.082		
56.115		
56.149		
56.182	114.7	19.44
56.216		
56.249		
56.283		
56.316		
56.349		
56.383		
56.416		
56.450		
56.483		
56.517		
56.550		
56.584		
56.617		
56.650		
56.684		
56.717		
56.751		
56.784		
56.818		
56.851		
56.885		
56.918		
56.951		
56.985		
57.018		
57.052		
57.085		
57.119		
57.152		
57.186	115.1	20.67
57.219		
57.252		
57.286		
57.319		
57.353		
57.386		
57.420		
57.453		
57.486		
57.520		
57.553		
57.587		
57.620		
57.654		
57.687		
57.721		
57.754		
57.787		
57.821		
57.854		
57.888		
57.921		
57.955		
57.988		
58.022		
58.055		
58.088		
58.122		
58.155		
58.189	114.4	19.21
58.222		
58.256		
58.289		
58.323		
58.356		
58.389		
58.423		
58.456		
58.490		
58.523		
58.557		
58.590		
58.624		
58.657		
58.690		
58.724		
58.757		
58.791		
58.824		
58.858		
58.891		
58.924		
58.958		
58.991		
59.025		
59.058		
59.092		
59.125		
59.159		
59.192	114.7	19.11
59.225		
59.259		
59.292		
59.326		
59.359		
59.393		
59.426		
59.460		
59.493		
59.526		
59.560		
59.593		
59.627		
59.660		
59.694		
59.727		
59.761		
59.794		
59.827		
59.861		
59.894		
59.928		
59.961		
59.995		
60.028		
60.062		
60.095		
60.128		
60.162		
60.195	114.6	19.20
60.229		
60.262		
60.296		
60.329		
60.362		
60.396		
60.429		
60.463		
60.496		
60.530		
60.563		
60.597		
60.630		
60.663		
60.697		
60.730		
60.764		
60.797		
60.831		
60.864		
60.898		
60.931		
60.964		
60.998		
61.031		
61.065		
61.098		
61.132		
61.165		
61.199	114.6	19.17
61.232		
61.265		
61.299		
61.332		
61.366		
61.399		
61.433		
61.466		
61.500		
61.533		
61.566		
61.600		
61.633		
61.667		
61.700		
61.734		
61.767		
61.800		
61.834		
61.867		
61.901		
61.934		
61.968		
62.001		
62.035		
62.068		
62.101		
62.135		
62.168		
62.202	113.3	17.97
62.235		
62.269		
62.302		
62.336		
62.369		
62.402		
62.436		
62.469		
62.503		
62.536		
62.570		
62.603		
62.637		
62.670		
62.703		
62.737		
62.770		
62.804		
62.837		
62.871		
62.904		
62.938		
62.971		
63.004		
63.038		
63.071		
63.105		
63.138		
63.172		
63.205	114.2	17.95
63.238		
63.272		
63.305		
63.339		
63.372		
63.406		
63.439		
63.473		
63.506		
63.539		
63.573		
63.606		
63.640		
63.673		
63.707		
63.740		
63.774		
63.807		
63.840		
63.874		
63.907		
63.941		
63.974		
64.008		
64.041		
64.075		
64.108		
64.141		
64.175		
64.208	114.7	18.04
64.242		
64.275		
64.309		
64.342		
64.376		
64.409		
64.442		
64.476		
64.509		
64.543		
64.576		
64.610		
64.643		
64.676		
64.710		
64.743		
64.777		
64.810		
64.844		
64.877		
64.911		
64.944		
64.977		
65.011		
65.044		
65.078		
65.111		
65.145		
65.178		
65.212	114.5	17.96
65.245		
65.278		
65.312		
65.345		
65.379		
65.412		
65.446		
65.479		
65.513		
65.546		
65.579		
65.613		
65.646		
65.680		
65.713		
65.747		
65.780		
65.814		
65.847		
65.880		
65.914		
65.947		
65.981		
66.014		
66.048		
66.081		
66.114		
66.148		
66.181		
66.215	114.5	18.12
66.248		
66.282		
66.315		
66.349		
66.382		
66.415		
66.449		
66.482		
66.516		
66.549		
66.583		
66.616		
66.650		
66.683		
66.716		
66.750		
66.783		
66.817		
66.850		
66.884		
66.917		
66.951		
66.984		
67.017		
67.051		
67.084		
67.118		
67.151		
67.185		
67.218	114.6	20.04
67.251		
67.285		
67.318		
67.352		
67.385		
67.419		
67.452		
67.486		
67.519		
67.552		
67.586		
67.619		
67.653		
67.686		
67.720		
67.753		
67.787		
67.820		
67.853		
67.887		
67.920		
67.954		
67.987		
68.021		
68.054		
68.088		
68.121		
68.154		
68.188		
68.221	115.0	20.09
68.255		
68.288		
68.322		
68.355		
68.389		
68.422		
68.455		
68.489		
68.522		
68.556		
68.589		
68.623		
68.656		
68.689		
68.723		
68.756		
68.790		
68.823		
68.857		
68.890		
68.924		
68.957		
68.990		
69.024		
69.057		
69.091		
69.124		
69.158		
69.191		
69.225	114.8	19.94
69.258		
69.291		
69.325		
69.358		
69.392		
69.425		
69.459		
69.492		
69.526		
69.559		
69.592		
69.626		
69.659		
69.693		
69.726		
69.760		
69.793		
69.827		
69.860		
69.893		
69.927		
69.960		
69.994		
70.027		
70.061		
70.094		
70.127		
70.161		
70.194		
70.228	115.0	19.97
70.261		
70.295		
70.328		
70.362		
70.395		
70.428		
70.462		
70.495		
70.529		
70.562		
70.596		
70.629		
70.663		
70.696		
70.729		
70.763		
70.796		
70.830		
70.863		
70.897		
70.930		
70.964		
70.997		
71.030		
71.064		
71.097		
71.131		
71.164		
71.198		
71.231	115.1	20.02
71.265		
71.298		
71.331		
71.365		
71.398		
71.432		
71.465		
71.499		
71.532		
71.565		
71.599		
71.632		
71.666		
71.699		
71.733		
71.766		
71.800		
71.833		
71.866		
71.900		
71.933		
71.967		
72.000		
72.034		
72.067		
72.101		
72.134		
72.167		
72.201		
72.234	114.9	20.09
72.268		
72.301		
72.335		
72.368		
72.402		
72.435		
72.468		
72.502		
72.535		
72.569		
72.602		
72.636		
72.669		
72.703		
72.736		
72.769		
72.803		
72.836		
72.870		
72.903		
72.937		
72.970		
73.003		
73.037		
73.070		
73.104		
73.137		
73.171		
73.204		
73.238	117.3	20.06
73.271		
73.304		
73.338		
73.371		
73.405		
73.438		
73.472		
73.505		
73.539		
73.572		
73.605		
73.639		
73.672		
73.706		
73.739		
73.773		
73.806		
73.840		
73.873		
73.906		
73.940		
73.973		
74.007		
74.040		
74.074		
74.107		
74.141		
74.174		
74.207		
74.241	117.4	20.16
74.274		
74.308		
74.341		
74.375		
74.408		
74.441		
74.475		
74.508		
74.542		
74.575		
74.609		
74.642		
74.676		
74.709		
74.742		
74.776		
74.809		
74.843		
74.876		
74.910		
74.943		
74.977		
75.010		
75.043		
75.077		
75.110		
75.144		
75.177		
75.211		
75.244	117.2	20.10
75.278		
75.311		
75.344		
75.378		
75.411		
75.445		
75.478		
75.512		
75.545		
75.579		
75.612		
75.645		
75.679		
75.712		
75.746		
75.779		
75.813		
75.846		
75.879		
75.913		
75.946		
75.980		
76.013		
76.047		
76.080		
76.114		
76.147		
76.180		
76.214		
76.247	118.2	20.76
76.281		
76.314		
76.348		
76.381		
76.415		
76.448		
76.481		
76.515		
76.548		
76.582		
76.615		
76.649		
76.682		
76.716		
76.749		
76.782		
76.816		
76.849		
76.883		
76.916		
76.950		
76.983		
77.017		
77.050		
77.083		
77.117		
77.150		
77.184		
77.217		
77.251	117.4	20.80
77.284		
77.317		
77.351		
77.384		
77.418		
77.451		
77.485		
77.518		
77.552		
77.585		
77.618		
77.652		
77.685		
77.719		
77.752		
77.786		
77.819		
77.853		
77.886		
77.919		
77.953		
77.986		
78.020		
78.053		
78.087		
78.120		
78.154		
78.187		
78.220		
78.254	117.6	20.88
78.287		
78.321		
78.354		
78.388		
78.421		
78.455		
78.488		
78.521		
78.555		
78.588		
78.622		
78.655		
78.689		
78.722		
78.755		
78.789		
78.822		
78.856		
78.889		
78.923		
78.956		
78.990		
79.023		
79.056		
79.090		
79.123		
79.157		
79.190		
79.224		
79.257	117.6	22.57
79.291		
79.324		
79.357		
79.391		
79.424		
79.458		
79.491		
79.525		
79.558		
79.592		
79.625		
79.658		
79.692		
79.725		
79.759		
79.792		
79.826		
79.859		
79.893		
79.926		
79.959		
79.993		
80.026		
80.060		
80.093		
80.127		
80.160		
80.193		
80.227		
80.260	117.4	23.24
80.294		
80.327		
80.361		
80.394		
80.428		
80.461		
80.494		
80.528		
80.561		
80.595		
80.628		
80.662		
80.695		
80.729		
80.762		
80.795		
80.829		
80.862		
80.896		
80.929		
80.963		
80.996		
81.030		
81.063		
81.096		
81.130		
81.163		
81.197		
81.230		
81.264	116.1	23.18
81.297		
81.331		
81.364		
81.397		
81.431		
81.464		
81.498		
81.531		
81.565		
81.598		
81.631		
81.665		
81.698		
81.732		
81.765		
81.799		
81.832		
81.866		
81.899		
81.932		
81.966		
81.999		
82.033		
82.066		
82.100		
82.133		
82.167		
82.200		
82.233		
82.267	115.0	24.41
82.300		
82.334		
82.367		
82.401		
82.434		
82.468		
82.501		
82.534		
82.568		
82.601		
82.635		
82.668		
82.702		
82.735		
82.769		
82.802		
82.835		
82.869		
82.902		
82.936		
82.969		
83.003		
83.036		
83.069		
83.103		
83.136		
83.170		
83.203		
83.237		
83.270	114.3	25.47
83.304		
83.337		
83.370		
83.404		
83.437		
83.471		
83.504		
83.538		
83.571		
83.605		
83.638		
83.671		
83.705		
83.738		
83.772		
83.805		
83.839		
83.872		
83.906		
83.939		
83.972		
84.006		
84.039		
84.073		
84.106		
84.140		
84.173		
84.207		
84.240		
84.273	114.4	25.50
84.307		
84.340		
84.374		
84.407		
84.441		
84.474		
84.507		
84.541		
84.574		
84.608		
84.641		
84.675		
84.708		
84.742		
84.775		
84.808		
84.842		
84.875		
84.909		
84.942		
84.976		
85.009		
85.043		
85.076		
85.109		
85.143		
85.176		
85.210		
85.243		
85.277	113.9	25.44
85.310		
85.344		
85.377		
85.410		
85.444		
85.477		
85.511		
85.544		
85.578		
85.611		
85.645		
85.678		
85.711		
85.745		
85.778		
85.812		
85.845		
85.879		
85.912		
85.945		
85.979		
86.012		
86.046		
86.079		
86.113		
86.146		
86.180		
86.213		
86.246		
86.280	113.4	25.27
86.313		
86.347		
86.380		
86.414		
86.447		
86.481		
86.514		
86.547		
86.581		
86.614		
86.648		
86.681		
86.715		
86.748		
86.782		
86.815		
86.848		
86.882		
86.915		
86.949		
86.982		
87.016		
87.049		
87.082		
87.116		
87.149		
87.183		
87.216		
87.250		
87.283	113.4	25.81
87.317		
87.350		
87.383		
87.417		
87.450		
87.484		
87.517		
87.551		
87.584		
87.618		
87.651		
87.684		
87.718		
87.751		
87.785		
87.818		
87.852		
87.885		
87.919		
87.952		
87.985		
88.019		
88.052		
88.086		
88.119		
88.153		
88.186		
88.220		
88.253		
88.286	113.5	26.25
88.320		
88.353		
88.387		
88.420		
88.454		
88.487		
88.520		
88.554		
88.587		
88.621		
88.654		
88.688		
88.721		
88.755		
88.788		
88.821		
88.855		
88.888		
88.922		
88.955		
88.989		
89.022		
89.056		
89.089		
89.122		
89.156		
89.189		
89.223		
89.256		
89.290	112.8	26.20
89.323		
89.357		
89.390		
89.423		
89.457		
89.490		
89.524		
89.557		
89.591		
89.624		
89.658		
89.691		
89.724		
89.758		
89.791		
89.825		
89.858		
89.892		
89.925		
89.958		
89.992		
90.025		
90.059		
90.092		
90.126		
90.159		
90.193		
90.226		
90.259		
90.293	112.9	26.07
90.326		
90.360		
90.393		
90.427		
90.460		
90.494		
90.527		
90.560		
90.594		
90.627		
90.661		
90.694		
90.728		
90.761		
90.795		
90.828		
90.861		
90.895		
90.928		
90.962		
90.995		
91.029		
91.062		
91.096		
91.129		
91.162		
91.196		
91.229		
91.263		
91.296	113.8	25.81
91.330		
91.363		
91.396		
91.430		
91.463		
91.497		
91.530		
91.564		
91.597		
91.631		
91.664		
91.697		
91.731		
91.764		
91.798		
91.831		
91.865		
91.898		
91.932		
91.965		
91.998		
92.032		
92.065		
92.099		
92.132		
92.166		
92.199		
92.233		
92.266		
92.299	113.9	26.13
92.333		
92.366		
92.400		
92.433		
92.467		
92.500		
92.534		
92.567		
92.600		
92.634		
92.667		
92.701		
92.734		
92.768		
92.801		
92.834		
92.868		
92.901		
92.935		
92.968		
93.002		
93.035		
93.069		
93.102		
93.135		
93.169		
93.202		
93.236		
93.269		
93.303	113.8	26.35
93.336		
93.370		
93.403		
93.436		
93.470		
93.503		
93.537		
93.570		
93.604		
93.637		
93.671		
93.704		
93.737		
93.771		
93.804		
93.838		
93.871		
93.905		
93.938		
93.972		
94.005		
94.038		
94.072		
94.105		
94.139		
94.172		
94.206		
94.239		
94.272		
94.306	112.7	26.37
94.339		
94.373		
94.406		
94.440		
94.473		
94.507		
94.540		
94.573		
94.607		
94.640		
94.674		
94.707		
94.741		
94.774		
94.808		
94.841		
94.874		
94.908		
94.941		
94.975		
95.008		
95.042		
95.075		
95.109		
95.142		
95.175		
95.209		
95.242		
95.276		
95.309	112.3	25.84
95.343		
95.376		
95.410		
95.443		
95.476		
95.510		
95.543		
95.577		
95.610		
95.644		
95.677		
95.710		
95.744		
95.777		
95.811		
95.844		
95.878		
95.911		
95.945		
95.978		
96.011		
96.045		
96.078		
96.112		
96.145		
96.179		
96.212		
96.246		
96.279		
96.312	112.3	25.82
96.346		
96.379		
96.413		
96.446		
96.480		
96.513		
96.547		
96.580		
96.613		
96.647		
96.680		
96.714		
96.747		
96.781		
96.814		
96.848		
96.881		
96.914		
96.948		
96.981		
97.015		
97.048		
97.082		
97.115		
97.148		
97.182		
97.215		
97.249		
97.282		
97.316	113.5	25.48
97.349		
97.383		
97.416		
97.449		
97.483		
97.516		
97.550		
97.583		
97.617		
97.650		
97.684		
97.717		
97.750		
97.784		
97.817		
97.851		
97.884		
97.918		
97.951		
97.985		
98.018		
98.051		
98.085		
98.118		
98.152		
98.185		
98.219		
98.252		
98.286		
98.319	114.1	26.35
98.352		
98.386		
98.419		
98.453		
98.486		
98.520		
98.553		
98.586		
98.620		
98.653		
98.687		
98.720		
98.754		
98.787		
98.821		
98.854		
98.887		
98.921		
98.954		
98.988		
99.021		
99.055		
99.088		
99.122		
99.155		
99.188		
99.222		
99.255		
99.289		
99.322	114.9	25.40
99.356		
99.389		
99.423		
99.456		
99.489		
99.523		
99.556		
99.590		
99.623		
99.657		
99.690		
99.724		
99.757		
99.790		
99.824		
99.857		
99.891		
99.924		
99.958		
99.991		
100.024		
100.058		
100.091		
100.125		
100.158		
100.192		
100.225		
100.259		
100.292		
100.325	114.8	26.04
100.359		
100.392		
100.426		
100.459		
100.493		
100.526		
100.560		
100.593		
100.626		
100.660		
100.693		
100.727		
100.760		
100.794		
100.827		
100.861		
100.894		
100.927		
100.961		
100.994		
101.028		
101.061		
101.095		
101.128		
101.162		
101.195		
101.228		
101.262		
101.295		
101.329	115.2	25.90
101.362		
101.396		
101.429		
101.462		
101.496		
101.529		
101.563		
101.596		
101.630		
101.663		
101.697		
101.730		
101.763		
101.797		
101.830		
101.864		
101.897		
101.931		
101.964		
101.998		
102.031		
102.064		
102.098		
102.131		
102.165		
102.198		
102.232		
102.265		
102.299		
102.332	115.3	26.06
102.365		
102.399		
102.432		
102.466		
102.499		
102.533		
102.566		
102.600		
102.633		
102.666		
102.700		
102.733		
102.767		
102.800		
102.834		
102.867		
102.900		
102.934		
102.967		
103.001		
103.034		
103.068		
103.101		
103.135		
103.168		
103.201		
103.235		
103.268		
103.302		
103.335	116.4	26.55
103.369		
103.402		
103.436		
103.469		
103.502		
103.536		
103.569		
103.603		
103.636		
103.670		
103.703		
103.737		
103.770		
103.803		
103.837		
103.870		
103.904		
103.937		
103.971		
104.004		
104.038		
104.071		
104.104		
104.138		
104.171		
104.205		
104.238		
104.272		
104.305		
104.338	117.2	25.38
104.372		
104.405		
104.439		
104.472		
104.506		
104.539		
104.573		
104.606		
104.639		
104.673		
104.706		
104.740		
104.773		
104.807		
104.840		
104.874		
104.907		
104.940		
104.974		
105.007		
105.041		
105.074		
105.108		
105.141		
105.175		
105.208		
105.241		
105.275		
105.308		
105.342	116.0	24.63
105.375		
105.409		
105.442		
105.475		
105.509		
105.542		
105.576		
105.609		
105.643		
105.676		
105.710		
105.743		
105.776		
105.810		
105.843		
105.877		
105.910		
105.944		
105.977		
106.011		
106.044		
106.077		
106.111		
106.144		
106.178		
106.211		
106.245		
106.278		
106.312		
106.345	115.4	24.88
106.378		
106.412		
106.445		
106.479		
106.512		
106.546		
106.579		
106.613		
106.646		
106.679		
106.713		
106.746		
106.780		
106.813		
106.847		
106.880		
106.913		
106.947		
106.980		
107.014		
107.047		
107.081		
107.114		
107.148		
107.181		
107.214		
107.248		
107.281		
107.315		
107.348	116.1	23.78
107.382		
107.415		
107.449		
107.482		
107.515		
107.549		
107.582		
107.616		
107.649		
107.683		
107.716		
107.750		
107.783		
107.816		
107.850		
107.883		
107.917		
107.950		
107.984		
108.017		
108.051		
108.084		
108.117		
108.151		
108.184		
108.218		
108.251		
108.285		
108.318		
108.351	116.1	23.84
108.385		
108.418		
108.452		
108.485		
108.519		
108.552		
108.586		
108.619		
108.652		
108.686		
108.719		
108.753		
108.786		
108.820		
108.853		
108.887		
108.920		
108.953		
108.987		
109.020		
109.054		
109.087		
109.121		
109.154		
109.188		
109.221		
109.254		
109.288		
109.321		
109.355	116.0	22.62
109.388		
109.422		
109.455		
109.489		
109.522		
109.555		
109.589		
109.622		
109.656		
109.689		
109.723		
109.756		
109.789		
109.823		
109.856		
109.890		
109.923		
109.957		
109.990		
110.024		
110.057		
110.090		
110.124		
110.157		
110.191		
110.224		
110.258		
110.291		
110.325		
110.358	115.4	21.10
110.391		
110.425		
110.458		
110.492		
110.525		
110.559		
110.592		
110.626		
110.659		
110.692		
110.726		
110.759		
110.793		
110.826		
110.860		
110.893		
110.927		
110.960		
110.993		
111.027		
111.060		
111.094		
111.127		
111.161		
111.194		
111.227		
111.261		
111.294		
111.328		
111.361	113.9	21.17
111.395		
111.428		
111.462		
111.495		
111.528		
111.562		
111.595		
111.629		
111.662		
111.696		
111.729		
111.763		
111.796		
111.829		
111.863		
111.896		
111.930		
111.963		
111.997		
112.030		
112.064		
112.097		
112.130		
112.164		
112.197		
112.231		
112.264		
112.298		
112.331		
112.365	114.2	21.16
112.398		
112.431		
112.465		
112.498		
112.532		
112.565		
112.599		
112.632		
112.665		
112.699		
112.732		
112.766		
112.799		
112.833		
112.866		
112.900		
112.933		
112.966		
113.000		
113.033		
113.067		
113.100		
113.134		
113.167		
113.201		
113.234		
113.267		
113.301		
113.334		
113.368	114.0	21.15
113.401		
113.435		
113.468		
113.502		
113.535		
113.568		
113.602		
113.635		
113.669		
113.702		
113.736		
113.769		
113.803		
113.836		
113.869		
113.903		
113.936		
113.970		
114.003		
114.037		
114.070		
114.103		
114.137		
114.170		
114.204		
114.237		
114.271		
114.304		
114.338		
114.371	114.2	21.03
114.404		
114.438		
114.471		
114.505		
114.538		
114.572		
114.605		
114.639		
114.672		
114.705		
114.739		
114.772		
114.806		
114.839		
114.873		
114.906		
114.940		
114.973		
115.006		
115.040		
115.073		
115.107		
115.140		
115.174		
115.207		
115.241		
115.274		
115.307		
115.341		
115.374	112.9	22.49
115.408		
115.441		
115.475		
115.508		
115.541		
115.575		
115.608		
115.642		
115.675		
115.709		
115.742		
115.776		
115.809		
115.842		
115.876		
115.909		
115.943		
115.976		
116.010		
116.043		
116.077		
116.110		
116.143		
116.177		
116.210		
116.244		
116.277		
116.311		
116.344		
116.378	112.3	23.52
116.411		
116.444		
116.478		
116.511		
116.545		
116.578		
116.612		
116.645		
116.679		
116.712		
116.745		
116.779		
116.812		
116.846		
116.879		
116.913		
116.946		
116.979		
117.013		
117.046		
117.080		
117.113		
117.147		
117.180		
117.214		
117.247		
117.280		
117.314		
117.347		
117.381	113.0	24.05
117.414		
117.448		
117.481		
117.515		
117.548		
117.581		
117.615		
117.648		
117.682		
117.715		
117.749		
117.782		
117.816		
117.849		
117.882		
117.916		
117.949		
117.983		
118.016		
118.050		
118.083		
118.117		
118.150		
118.183		
118.217		
118.250		
118.284		
118.317		
118.351		
118.384	112.7	23.59
118.417		
118.451		
118.484		
118.518		
118.551		
118.585		
118.618		
118.652		
118.685		
118.718		
118.752		
118.785		
118.819		
118.852		
118.886		
118.919		
118.953		
118.986		
119.019		
119.053		
119.086		
119.120		
119.153		
119.187		
119.220		
119.254		
119.287		
119.320		
119.354		
119.387	113.3	24.12
119.421		
119.454		
119.488		
119.521		
119.555		
119.588		
119.621		
119.655		
119.688		
119.722		
119.755		
119.789		
119.822		
119.855		
119.889		
119.922		
119.956		
119.989		
120.023		
120.056		
120.090		
120.123		
120.156		
120.190		
120.223		
120.257		
120.290		
120.324		
120.357		
120.391	113.5	24.12
120.424		
120.457		
120.491		
120.524		
120.558		
120.591		
120.625		
120.658		
120.692		
120.725		
120.758		
120.792		
120.825		
120.859		
120.892		
120.926		
120.959		
120.993		
121.026		
121.059		
121.093		
121.126		
121.160		
121.193		
121.227		
121.260		
121.293		
121.327		
121.360		
121.394	114.4	24.34
121.427		
121.461		
121.494		
121.528		
121.561		
121.594		
121.628		
121.661		
121.695		
121.728		
121.762		
121.795		
121.829		
121.862		
121.895		
121.929		
121.962		
121.996		
122.029		
122.063		
122.096		
122.130		
122.163		
122.196		
122.230		
122.263		
122.297		
122.330		
122.364		
122.397	114.5	25.34
122.431		
122.464		
122.497		
122.531		
122.564		
122.598		
122.631		
122.665		
122.698		
122.731		
122.765		
122.798		
122.832		
122.865		
122.899		
122.932		
122.966		
122.999		
123.032		
123.066		
123.099		
123.133		
123.166		
123.200		
123.233		
123.267		
123.300		
123.333		
123.367		
123.400	115.2	24.83
123.434		
123.467		
123.501		
123.534		
123.568		
123.601		
123.634		
123.668		
123.701		
123.735		
123.768		
123.802		
123.835		
123.869		
123.902		
123.935		
123.969		
124.002		
124.036		
124.069		
124.103		
124.136		
124.169		
124.203		
124.236		
124.270		
124.303		
124.337		
124.370		
124.404	115.4	26.15
124.437		
124.470		
124.504		
124.537		
124.571		
124.604		
124.638		
124.671		
124.705		
124.738		
124.771		
124.805		
124.838		
124.872		
124.905		
124.939		
124.972		
125.006		
125.039		
125.072		
125.106		
125.139		
125.173		
125.206		
125.240		
125.273		
125.306		
125.340		
125.373		
125.407	115.8	25.98
125.440		
125.474		
125.507		
125.541		
125.574		
125.607		
125.641		
125.674		
125.708		
125.741		
125.775		
125.808		
125.842		
125.875		
125.908		
125.942		
125.975		
126.009		
126.042		
126.076		
126.109		
126.143		
126.176		
126.209		
126.243		
126.276		
126.310		
126.343		
126.377		
126.410	115.9	26.34
126.444		
126.477		
126.510		
126.544		
126.577		
126.611		
126.644		
126.678		
126.711		
126.744		
126.778		
126.811		
126.845		
126.878		
126.912		
126.945		
126.979		
127.012		
127.045		
127.079		
127.112		
127.146		
127.179		
127.213		
127.246		
127.280		
127.313		
127.346		
127.380		
127.413	115.6	27.20
