	质量 K		
t	x	y	
0.000	157.1	-9.897
0.033		
0.067		
0.100		
0.134		
0.167		
0.201		
0.234		
0.268		
0.301		
0.335		
0.368		
0.402		
0.435		
0.469		
0.502		
0.536		
0.569		
0.603		
0.636		
0.670		
0.703		
0.737		
0.770		
0.804		
0.837		
0.871		
0.904		
0.938		
0.971		
1.005	154.0	-14.07
1.038		
1.072		
1.105		
1.139		
1.172		
1.206		
1.239		
1.273		
1.306		
1.340		
1.373		
1.406		
1.440		
1.473		
1.507		
1.540		
1.574		
1.607		
1.641		
1.674		
1.708		
1.741		
1.775		
1.808		
1.842		
1.875		
1.909		
1.942		
1.976		
2.009	154.4	-14.03
2.043		
2.076		
2.110		
2.143		
2.177		
2.210		
2.244		
2.277		
2.311		
2.344		
2.378		
2.411		
2.445		
2.478		
2.512		
2.545		
2.579		
2.612		
2.646		
2.679		
2.713		
2.746		
2.780		
2.813		
2.846		
2.880		
2.913		
2.947		
2.980		
3.014	153.1	-14.37
3.047		
3.081		
3.114		
3.148		
3.181		
3.215		
3.248		
3.282		
3.315		
3.349		
3.382		
3.416		
3.449		
3.483		
3.516		
3.550		
3.583		
3.617		
3.650		
3.684		
3.717		
3.751		
3.784		
3.818		
3.851		
3.885		
3.918		
3.952		
3.985		
4.019	153.0	-14.97
4.052		
4.086		
4.119		
4.153		
4.186		
4.219		
4.253		
4.286		
4.320		
4.353		
4.387		
4.420		
4.454		
4.487		
4.521		
4.554		
4.588		
4.621		
4.655		
4.688		
4.722		
4.755		
4.789		
4.822		
4.856		
4.889		
4.923		
4.956		
4.990		
5.023	153.0	-16.32
5.057		
5.090		
5.124		
5.157		
5.191		
5.224		
5.258		
5.291		
5.325		
5.358		
5.392		
5.425		
5.459		
5.492		
5.526		
5.559		
5.592		
5.626		
5.659		
5.693		
5.726		
5.760		
5.793		
5.827		
5.860		
5.894		
5.927		
5.961		
5.994		
6.028	153.0	-16.45
6.061		
6.095		
6.128		
6.162		
6.195		
6.229		
6.262		
6.296		
6.329		
6.363		
6.396		
6.430		
6.463		
6.497		
6.530		
6.564		
6.597		
6.631		
6.664		
6.698		
6.731		
6.765		
6.798		
6.832		
6.865		
6.899		
6.932		
6.966		
6.999		
7.032	154.0	-15.98
7.066		
7.099		
7.133		
7.166		
7.200		
7.233		
7.267		
7.300		
7.334		
7.367		
7.401		
7.434		
7.468		
7.501		
7.535		
7.568		
7.602		
7.635		
7.669		
7.702		
7.736		
7.769		
7.803		
7.836		
7.870		
7.903		
7.937		
7.970		
8.004		
8.037	153.4	-16.39
8.071		
8.104		
8.138		
8.171		
8.205		
8.238		
8.272		
8.305		
8.339		
8.372		
8.405		
8.439		
8.472		
8.506		
8.539		
8.573		
8.606		
8.640		
8.673		
8.707		
8.740		
8.774		
8.807		
8.841		
8.874		
8.908		
8.941		
8.975		
9.008		
9.042	152.7	-16.96
9.075		
9.109		
9.142		
9.176		
9.209		
9.243		
9.276		
9.310		
9.343		
9.377		
9.410		
9.444		
9.477		
9.511		
9.544		
9.578		
9.611		
9.645		
9.678		
9.712		
9.745		
9.778		
9.812		
9.845		
9.879		
9.912		
9.946		
9.979		
10.013		
10.046	152.1	-15.73
10.080		
10.113		
10.147		
10.180		
10.214		
10.247		
10.281		
10.314		
10.348		
10.381		
10.415		
10.448		
10.482		
10.515		
10.549		
10.582		
10.616		
10.649		
10.683		
10.716		
10.750		
10.783		
10.817		
10.850		
10.884		
10.917		
10.951		
10.984		
11.018		
11.051	151.0	-15.59
11.085		
11.118		
11.152		
11.185		
11.218		
11.252		
11.285		
11.319		
11.352		
11.386		
11.419		
11.453		
11.486		
11.520		
11.553		
11.587		
11.620		
11.654		
11.687		
11.721		
11.754		
11.788		
11.821		
11.855		
11.888		
11.922		
11.955		
11.989		
12.022		
12.056	150.9	-15.56
12.089		
12.123		
12.156		
12.190		
12.223		
12.257		
12.290		
12.324		
12.357		
12.391		
12.424		
12.458		
12.491		
12.525		
12.558		
12.591		
12.625		
12.658		
12.692		
12.725		
12.759		
12.792		
12.826		
12.859		
12.893		
12.926		
12.960		
12.993		
13.027		
13.060	150.9	-14.02
13.094		
13.127		
13.161		
13.194		
13.228		
13.261		
13.295		
13.328		
13.362		
13.395		
13.429		
13.462		
13.496		
13.529		
13.563		
13.596		
13.630		
13.663		
13.697		
13.730		
13.764		
13.797		
13.831		
13.864		
13.898		
13.931		
13.964		
13.998		
14.031		
14.065	152.6	-14.77
14.098		
14.132		
14.165		
14.199		
14.232		
14.266		
14.299		
14.333		
14.366		
14.400		
14.433		
14.467		
14.500		
14.534		
14.567		
14.601		
14.634		
14.668		
14.701		
14.735		
14.768		
14.802		
14.835		
14.869		
14.902		
14.936		
14.969		
15.003		
15.036		
15.070	152.8	-13.93
15.103		
15.137		
15.170		
15.204		
15.237		
15.271		
15.304		
15.338		
15.371		
15.404		
15.438		
15.471		
15.505		
15.538		
15.572		
15.605		
15.639		
15.672		
15.706		
15.739		
15.773		
15.806		
15.840		
15.873		
15.907		
15.940		
15.974		
16.007		
16.041		
16.074	152.4	-14.88
16.108		
16.141		
16.175		
16.208		
16.242		
16.275		
16.309		
16.342		
16.376		
16.409		
16.443		
16.476		
16.510		
16.543		
16.577		
16.610		
16.644		
16.677		
16.711		
16.744		
16.777		
16.811		
16.844		
16.878		
16.911		
16.945		
16.978		
17.012		
17.045		
17.079	152.9	-14.53
17.112		
17.146		
17.179		
17.213		
17.246		
17.280		
17.313		
17.347		
17.380		
17.414		
17.447		
17.481		
17.514		
17.548		
17.581		
17.615		
17.648		
17.682		
17.715		
17.749		
17.782		
17.816		
17.849		
17.883		
17.916		
17.950		
17.983		
18.017		
18.050		
18.084	153.1	-14.68
18.117		
18.150		
18.184		
18.217		
18.251		
18.284		
18.318		
18.351		
18.385		
18.418		
18.452		
18.485		
18.519		
18.552		
18.586		
18.619		
18.653		
18.686		
18.720		
18.753		
18.787		
18.820		
18.854		
18.887		
18.921		
18.954		
18.988		
19.021		
19.055		
19.088	152.4	-14.08
19.122		
19.155		
19.189		
19.222		
19.256		
19.289		
19.323		
19.356		
19.390		
19.423		
19.457		
19.490		
19.524		
19.557		
19.590		
19.624		
19.657		
19.691		
19.724		
19.758		
19.791		
19.825		
19.858		
19.892		
19.925		
19.959		
19.992		
20.026		
20.059		
20.093	151.8	-14.78
20.126		
20.160		
20.193		
20.227		
20.260		
20.294		
20.327		
20.361		
20.394		
20.428		
20.461		
20.495		
20.528		
20.562		
20.595		
20.629		
20.662		
20.696		
20.729		
20.763		
20.796		
20.830		
20.863		
20.897		
20.930		
20.963		
20.997		
21.030		
21.064		
21.097	152.3	-15.40
21.131		
21.164		
21.198		
21.231		
21.265		
21.298		
21.332		
21.365		
21.399		
21.432		
21.466		
21.499		
21.533		
21.566		
21.600		
21.633		
21.667		
21.700		
21.734		
21.767		
21.801		
21.834		
21.868		
21.901		
21.935		
21.968		
22.002		
22.035		
22.069		
22.102	153.8	-14.82
22.136		
22.169		
22.203		
22.236		
22.270		
22.303		
22.336		
22.370		
22.403		
22.437		
22.470		
22.504		
22.537		
22.571		
22.604		
22.638		
22.671		
22.705		
22.738		
22.772		
22.805		
22.839		
22.872		
22.906		
22.939		
22.973		
23.006		
23.040		
23.073		
23.107	153.3	-13.92
23.140		
23.174		
23.207		
23.241		
23.274		
23.308		
23.341		
23.375		
23.408		
23.442		
23.475		
23.509		
23.542		
23.576		
23.609		
23.643		
23.676		
23.710		
23.743		
23.776		
23.810		
23.843		
23.877		
23.910		
23.944		
23.977		
24.011		
24.044		
24.078		
24.111	153.4	-13.71
24.145		
24.178		
24.212		
24.245		
24.279		
24.312		
24.346		
24.379		
24.413		
24.446		
24.480		
24.513		
24.547		
24.580		
24.614		
24.647		
24.681		
24.714		
24.748		
24.781		
24.815		
24.848		
24.882		
24.915		
24.949		
24.982		
25.016		
25.049		
25.083		
25.116	153.4	-15.12
25.149		
25.183		
25.216		
25.250		
25.283		
25.317		
25.350		
25.384		
25.417		
25.451		
25.484		
25.518		
25.551		
25.585		
25.618		
25.652		
25.685		
25.719		
25.752		
25.786		
25.819		
25.853		
25.886		
25.920		
25.953		
25.987		
26.020		
26.054		
26.087		
26.121	153.6	-12.98
26.154		
26.188		
26.221		
26.255		
26.288		
26.322		
26.355		
26.389		
26.422		
26.456		
26.489		
26.522		
26.556		
26.589		
26.623		
26.656		
26.690		
26.723		
26.757		
26.790		
26.824		
26.857		
26.891		
26.924		
26.958		
26.991		
27.025		
27.058		
27.092		
27.125	154.1	-14.10
27.159		
27.192		
27.226		
27.259		
27.293		
27.326		
27.360		
27.393		
27.427		
27.460		
27.494		
27.527		
27.561		
27.594		
27.628		
27.661		
27.695		
27.728		
27.762		
27.795		
27.829		
27.862		
27.896		
27.929		
27.962		
27.996		
28.029		
28.063		
28.096		
28.130	154.9	-15.19
28.163		
28.197		
28.230		
28.264		
28.297		
28.331		
28.364		
28.398		
28.431		
28.465		
28.498		
28.532		
28.565		
28.599		
28.632		
28.666		
28.699		
28.733		
28.766		
28.800		
28.833		
28.867		
28.900		
28.934		
28.967		
29.001		
29.034		
29.068		
29.101		
29.135	156.2	-15.00
29.168		
29.202		
29.235		
29.269		
29.302		
29.335		
29.369		
29.402		
29.436		
29.469		
29.503		
29.536		
29.570		
29.603		
29.637		
29.670		
29.704		
29.737		
29.771		
29.804		
29.838		
29.871		
29.905		
29.938		
29.972		
30.005		
30.039		
30.072		
30.106		
30.139	156.5	-15.17
30.173		
30.206		
30.240		
30.273		
30.307		
30.340		
30.374		
30.407		
30.441		
30.474		
30.508		
30.541		
30.575		
30.608		
30.642		
30.675		
30.708		
30.742		
30.775		
30.809		
30.842		
30.876		
30.909		
30.943		
30.976		
31.010		
31.043		
31.077		
31.110		
31.144	156.1	-13.39
31.177		
31.211		
31.244		
31.278		
31.311		
31.345		
31.378		
31.412		
31.445		
31.479		
31.512		
31.546		
31.579		
31.613		
31.646		
31.680		
31.713		
31.747		
31.780		
31.814		
31.847		
31.881		
31.914		
31.948		
31.981		
32.015		
32.048		
32.082		
32.115		
32.148	156.1	-12.83
32.182		
32.215		
32.249		
32.282		
32.316		
32.349		
32.383		
32.416		
32.450		
32.483		
32.517		
32.550		
32.584		
32.617		
32.651		
32.684		
32.718		
32.751		
32.785		
32.818		
32.852		
32.885		
32.919		
32.952		
32.986		
33.019		
33.053		
33.086		
33.120		
33.153	156.0	-13.63
33.187		
33.220		
33.254		
33.287		
33.321		
33.354		
33.388		
33.421		
33.455		
33.488		
33.521		
33.555		
33.588		
33.622		
33.655		
33.689		
33.722		
33.756		
33.789		
33.823		
33.856		
33.890		
33.923		
33.957		
33.990		
34.024		
34.057		
34.091		
34.124		
34.158	155.9	-14.08
34.191		
34.225		
34.258		
34.292		
34.325		
34.359		
34.392		
34.426		
34.459		
34.493		
34.526		
34.560		
34.593		
34.627		
34.660		
34.694		
34.727		
34.761		
34.794		
34.828		
34.861		
34.894		
34.928		
34.961		
34.995		
35.028		
35.062		
35.095		
35.129		
35.162	154.9	-13.43
35.196		
35.229		
35.263		
35.296		
35.330		
35.363		
35.397		
35.430		
35.464		
35.497		
35.531		
35.564		
35.598		
35.631		
35.665		
35.698		
35.732		
35.765		
35.799		
35.832		
35.866		
35.899		
35.933		
35.966		
36.000		
36.033		
36.067		
36.100		
36.134		
36.167	154.6	-13.35
36.201		
36.234		
36.268		
36.301		
36.334		
36.368		
36.401		
36.435		
36.468		
36.502		
36.535		
36.569		
36.602		
36.636		
36.669		
36.703		
36.736		
36.770		
36.803		
36.837		
36.870		
36.904		
36.937		
36.971		
37.004		
37.038		
37.071		
37.105		
37.138		
37.172	153.3	-12.79
37.205		
37.239		
37.272		
37.306		
37.339		
37.373		
37.406		
37.440		
37.473		
37.507		
37.540		
37.574		
37.607		
37.641		
37.674		
37.707		
37.741		
37.774		
37.808		
37.841		
37.875		
37.908		
37.942		
37.975		
38.009		
38.042		
38.076		
38.109		
38.143		
38.176	153.0	-12.81
38.210		
38.243		
38.277		
38.310		
38.344		
38.377		
38.411		
38.444		
38.478		
38.511		
38.545		
38.578		
38.612		
38.645		
38.679		
38.712		
38.746		
38.779		
38.813		
38.846		
38.880		
38.913		
38.947		
38.980		
39.014		
39.047		
39.080		
39.114		
39.147		
39.181	152.5	-11.95
39.214		
39.248		
39.281		
39.315		
39.348		
39.382		
39.415		
39.449		
39.482		
39.516		
39.549		
39.583		
39.616		
39.650		
39.683		
39.717		
39.750		
39.784		
39.817		
39.851		
39.884		
39.918		
39.951		
39.985		
40.018		
40.052		
40.085		
40.119		
40.152		
40.186	153.0	-11.54
40.219		
40.253		
40.286		
40.320		
40.353		
40.387		
40.420		
40.454		
40.487		
40.520		
40.554		
40.587		
40.621		
40.654		
40.688		
40.721		
40.755		
40.788		
40.822		
40.855		
40.889		
40.922		
40.956		
40.989		
41.023		
41.056		
41.090		
41.123		
41.157		
41.190	153.2	-11.78
41.224		
41.257		
41.291		
41.324		
41.358		
41.391		
41.425		
41.458		
41.492		
41.525		
41.559		
41.592		
41.626		
41.659		
41.693		
41.726		
41.760		
41.793		
41.827		
41.860		
41.893		
41.927		
41.960		
41.994		
42.027		
42.061		
42.094		
42.128		
42.161		
42.195	153.4	-11.83
42.228		
42.262		
42.295		
42.329		
42.362		
42.396		
42.429		
42.463		
42.496		
42.530		
42.563		
42.597		
42.630		
42.664		
42.697		
42.731		
42.764		
42.798		
42.831		
42.865		
42.898		
42.932		
42.965		
42.999		
43.032		
43.066		
43.099		
43.133		
43.166		
43.200	152.6	-11.82
43.233		
43.266		
43.300		
43.333		
43.367		
43.400		
43.434		
43.467		
43.501		
43.534		
43.568		
43.601		
43.635		
43.668		
43.702		
43.735		
43.769		
43.802		
43.836		
43.869		
43.903		
43.936		
43.970		
44.003		
44.037		
44.070		
44.104		
44.137		
44.171		
44.204	151.2	-12.21
44.238		
44.271		
44.305		
44.338		
44.372		
44.405		
44.439		
44.472		
44.506		
44.539		
44.573		
44.606		
44.640		
44.673		
44.706		
44.740		
44.773		
44.807		
44.840		
44.874		
44.907		
44.941		
44.974		
45.008		
45.041		
45.075		
45.108		
45.142		
45.175		
45.209	151.6	-12.96
45.242		
45.276		
45.309		
45.343		
45.376		
45.410		
45.443		
45.477		
45.510		
45.544		
45.577		
45.611		
45.644		
45.678		
45.711		
45.745		
45.778		
45.812		
45.845		
45.879		
45.912		
45.946		
45.979		
46.013		
46.046		
46.079		
46.113		
46.146		
46.180		
46.213	150.3	-12.83
46.247		
46.280		
46.314		
46.347		
46.381		
46.414		
46.448		
46.481		
46.515		
46.548		
46.582		
46.615		
46.649		
46.682		
46.716		
46.749		
46.783		
46.816		
46.850		
46.883		
46.917		
46.950		
46.984		
47.017		
47.051		
47.084		
47.118		
47.151		
47.185		
47.218	151.1	-12.71
47.252		
47.285		
47.319		
47.352		
47.386		
47.419		
47.452		
47.486		
47.519		
47.553		
47.586		
47.620		
47.653		
47.687		
47.720		
47.754		
47.787		
47.821		
47.854		
47.888		
47.921		
47.955		
47.988		
48.022		
48.055		
48.089		
48.122		
48.156		
48.189		
48.223	150.9	-12.68
48.256		
48.290		
48.323		
48.357		
48.390		
48.424		
48.457		
48.491		
48.524		
48.558		
48.591		
48.625		
48.658		
48.692		
48.725		
48.759		
48.792		
48.826		
48.859		
48.892		
48.926		
48.959		
48.993		
49.026		
49.060		
49.093		
49.127		
49.160		
49.194		
49.227	150.4	-13.34
49.261		
49.294		
49.328		
49.361		
49.395		
49.428		
49.462		
49.495		
49.529		
49.562		
49.596		
49.629		
49.663		
49.696		
49.730		
49.763		
49.797		
49.830		
49.864		
49.897		
49.931		
49.964		
49.998		
50.031		
50.065		
50.098		
50.132		
50.165		
50.199		
50.232	150.0	-12.90
50.265		
50.299		
50.332		
50.366		
50.399		
50.433		
50.466		
50.500		
50.533		
50.567		
50.600		
50.634		
50.667		
50.701		
50.734		
50.768		
50.801		
50.835		
50.868		
50.902		
50.935		
50.969		
51.002		
51.036		
51.069		
51.103		
51.136		
51.170		
51.203		
51.237	150.5	-13.69
51.270		
51.304		
51.337		
51.371		
51.404		
51.438		
51.471		
51.505		
51.538		
51.572		
51.605		
51.638		
51.672		
51.705		
51.739		
51.772		
51.806		
51.839		
51.873		
51.906		
51.940		
51.973		
52.007		
52.040		
52.074		
52.107		
52.141		
52.174		
52.208		
52.241	150.7	-13.38
52.275		
52.308		
52.342		
52.375		
52.409		
52.442		
52.476		
52.509		
52.543		
52.576		
52.610		
52.643		
52.677		
52.710		
52.744		
52.777		
52.811		
52.844		
52.878		
52.911		
52.945		
52.978		
53.012		
53.045		
53.078		
53.112		
53.145		
53.179		
53.212		
53.246	150.9	-14.05
53.279		
53.313		
53.346		
53.380		
53.413		
53.447		
53.480		
53.514		
53.547		
53.581		
53.614		
53.648		
53.681		
53.715		
53.748		
53.782		
53.815		
53.849		
53.882		
53.916		
53.949		
53.983		
54.016		
54.050		
54.083		
54.117		
54.150		
54.184		
54.217		
54.251	150.9	-14.04
54.284		
54.318		
54.351		
54.385		
54.418		
54.451		
54.485		
54.518		
54.552		
54.585		
54.619		
54.652		
54.686		
54.719		
54.753		
54.786		
54.820		
54.853		
54.887		
54.920		
54.954		
54.987		
55.021		
55.054		
55.088		
55.121		
55.155		
55.188		
55.222		
55.255	150.1	-13.45
55.289		
55.322		
55.356		
55.389		
55.423		
55.456		
55.490		
55.523		
55.557		
55.590		
55.624		
55.657		
55.691		
55.724		
55.758		
55.791		
55.824		
55.858		
55.891		
55.925		
55.958		
55.992		
56.025		
56.059		
56.092		
56.126		
56.159		
56.193		
56.226		
56.260	150.2	-12.81
56.293		
56.327		
56.360		
56.394		
56.427		
56.461		
56.494		
56.528		
56.561		
56.595		
56.628		
56.662		
56.695		
56.729		
56.762		
56.796		
56.829		
56.863		
56.896		
56.930		
56.963		
56.997		
57.030		
57.064		
57.097		
57.131		
57.164		
57.198		
57.231		
57.264	150.4	-12.34
57.298		
57.331		
57.365		
57.398		
57.432		
57.465		
57.499		
57.532		
57.566		
57.599		
57.633		
57.666		
57.700		
57.733		
57.767		
57.800		
57.834		
57.867		
57.901		
57.934		
57.968		
58.001		
58.035		
58.068		
58.102		
58.135		
58.169		
58.202		
58.236		
58.269	149.5	-12.56
58.303		
58.336		
58.370		
58.403		
58.437		
58.470		
58.504		
58.537		
58.571		
58.604		
58.637		
58.671		
58.704		
58.738		
58.771		
58.805		
58.838		
58.872		
58.905		
58.939		
58.972		
59.006		
59.039		
59.073		
59.106		
59.140		
59.173		
59.207		
59.240		
59.274	149.4	-14.38
59.307		
59.341		
59.374		
59.408		
59.441		
59.475		
59.508		
59.542		
59.575		
59.609		
59.642		
59.676		
59.709		
59.743		
59.776		
59.810		
59.843		
59.877		
59.910		
59.944		
59.977		
60.010		
60.044		
60.077		
60.111		
60.144		
60.178		
60.211		
60.245		
60.278	149.5	-14.13
60.312		
60.345		
60.379		
60.412		
60.446		
60.479		
60.513		
60.546		
60.580		
60.613		
60.647		
60.680		
60.714		
60.747		
60.781		
60.814		
60.848		
60.881		
60.915		
60.948		
60.982		
61.015		
61.049		
61.082		
61.116		
61.149		
61.183		
61.216		
61.250		
61.283	149.4	-14.09
61.317		
61.350		
61.384		
61.417		
61.450		
61.484		
61.517		
61.551		
61.584		
61.618		
61.651		
61.685		
61.718		
61.752		
61.785		
61.819		
61.852		
61.886		
61.919		
61.953		
61.986		
62.020		
62.053		
62.087		
62.120		
62.154		
62.187		
62.221		
62.254		
62.288	148.5	-14.60
62.321		
62.355		
62.388		
62.422		
62.455		
62.489		
62.522		
62.556		
62.589		
62.623		
62.656		
62.690		
62.723		
62.757		
62.790		
62.823		
62.857		
62.890		
62.924		
62.957		
62.991		
63.024		
63.058		
63.091		
63.125		
63.158		
63.192		
63.225		
63.259		
63.292	148.0	-14.54
63.326		
63.359		
63.393		
63.426		
63.460		
63.493		
63.527		
63.560		
63.594		
63.627		
63.661		
63.694		
63.728		
63.761		
63.795		
63.828		
63.862		
63.895		
63.929		
63.962		
63.996		
64.029		
64.063		
64.096		
64.130		
64.163		
64.196		
64.230		
64.263		
64.297	148.7	-15.17
64.330		
64.364		
64.397		
64.431		
64.464		
64.498		
64.531		
64.565		
64.598		
64.632		
64.665		
64.699		
64.732		
64.766		
64.799		
64.833		
64.866		
64.900		
64.933		
64.967		
65.000		
65.034		
65.067		
65.101		
65.134		
65.168		
65.201		
65.235		
65.268		
65.302	149.0	-15.56
65.335		
65.369		
65.402		
65.436		
65.469		
65.503		
65.536		
65.570		
65.603		
65.636		
65.670		
65.703		
65.737		
65.770		
65.804		
65.837		
65.871		
65.904		
65.938		
65.971		
66.005		
66.038		
66.072		
66.105		
66.139		
66.172		
66.206		
66.239		
66.273		
66.306	149.0	-15.54
66.340		
66.373		
66.407		
66.440		
66.474		
66.507		
66.541		
66.574		
66.608		
66.641		
66.675		
66.708		
66.742		
66.775		
66.809		
66.842		
66.876		
66.909		
66.943		
66.976		
67.009		
67.043		
67.076		
67.110		
67.143		
67.177		
67.210		
67.244		
67.277		
67.311	150.2	-15.44
67.344		
67.378		
67.411		
67.445		
67.478		
67.512		
67.545		
67.579		
67.612		
67.646		
67.679		
67.713		
67.746		
67.780		
67.813		
67.847		
67.880		
67.914		
67.947		
67.981		
68.014		
68.048		
68.081		
68.115		
68.148		
68.182		
68.215		
68.249		
68.282		
68.316	150.3	-16.18
68.349		
68.382		
68.416		
68.449		
68.483		
68.516		
68.550		
68.583		
68.617		
68.650		
68.684		
68.717		
68.751		
68.784		
68.818		
68.851		
68.885		
68.918		
68.952		
68.985		
69.019		
69.052		
69.086		
69.119		
69.153		
69.186		
69.220		
69.253		
69.287		
69.320	151.2	-15.03
69.354		
69.387		
69.421		
69.454		
69.488		
69.521		
69.555		
69.588		
69.622		
69.655		
69.689		
69.722		
69.756		
69.789		
69.822		
69.856		
69.889		
69.923		
69.956		
69.990		
70.023		
70.057		
70.090		
70.124		
70.157		
70.191		
70.224		
70.258		
70.291		
70.325	151.5	-15.61
70.358		
70.392		
70.425		
70.459		
70.492		
70.526		
70.559		
70.593		
70.626		
70.660		
70.693		
70.727		
70.760		
70.794		
70.827		
70.861		
70.894		
70.928		
70.961		
70.995		
71.028		
71.062		
71.095		
71.129		
71.162		
71.195		
71.229		
71.262		
71.296		
71.329	152.2	-16.36
71.363		
71.396		
71.430		
71.463		
71.497		
71.530		
71.564		
71.597		
71.631		
71.664		
71.698		
71.731		
71.765		
71.798		
71.832		
71.865		
71.899		
71.932		
71.966		
71.999		
72.033		
72.066		
72.100		
72.133		
72.167		
72.200		
72.234		
72.267		
72.301		
72.334	152.1	-16.43
72.368		
72.401		
72.435		
72.468		
72.502		
72.535		
72.568		
72.602		
72.635		
72.669		
72.702		
72.736		
72.769		
72.803		
72.836		
72.870		
72.903		
72.937		
72.970		
73.004		
73.037		
73.071		
73.104		
73.138		
73.171		
73.205		
73.238		
73.272		
73.305		
73.339	152.9	-17.24
73.372		
73.406		
73.439		
73.473		
73.506		
73.540		
73.573		
73.607		
73.640		
73.674		
73.707		
73.741		
73.774		
73.808		
73.841		
73.875		
73.908		
73.942		
73.975		
74.008		
74.042		
74.075		
74.109		
74.142		
74.176		
74.209		
74.243		
74.276		
74.310		
74.343	152.9	-17.20
74.377		
74.410		
74.444		
74.477		
74.511		
74.544		
74.578		
74.611		
74.645		
74.678		
74.712		
74.745		
74.779		
74.812		
74.846		
74.879		
74.913		
74.946		
74.980		
75.013		
75.047		
75.080		
75.114		
75.147		
75.181		
75.214		
75.248		
75.281		
75.315		
75.348	153.8	-17.09
75.381		
75.415		
75.448		
75.482		
75.515		
75.549		
75.582		
75.616		
75.649		
75.683		
75.716		
75.750		
75.783		
75.817		
75.850		
75.884		
75.917		
75.951		
75.984		
76.018		
76.051		
76.085		
76.118		
76.152		
76.185		
76.219		
76.252		
76.286		
76.319		
76.353	153.5	-16.20
76.386		
76.420		
76.453		
76.487		
76.520		
76.554		
76.587		
76.621		
76.654		
76.688		
76.721		
76.754		
76.788		
76.821		
76.855		
76.888		
76.922		
76.955		
76.989		
77.022		
77.056		
77.089		
77.123		
77.156		
77.190		
77.223		
77.257		
77.290		
77.324		
77.357	153.6	-15.66
77.391		
77.424		
77.458		
77.491		
77.525		
77.558		
77.592		
77.625		
77.659		
77.692		
77.726		
77.759		
77.793		
77.826		
77.860		
77.893		
77.927		
77.960		
77.994		
78.027		
78.061		
78.094		
78.128		
78.161		
78.194		
78.228		
78.261		
78.295		
78.328		
78.362	153.8	-15.67
78.395		
78.429		
78.462		
78.496		
78.529		
78.563		
78.596		
78.630		
78.663		
78.697		
78.730		
78.764		
78.797		
78.831		
78.864		
78.898		
78.931		
78.965		
78.998		
79.032		
79.065		
79.099		
79.132		
79.166		
79.199		
79.233		
79.266		
79.300		
79.333		
79.367	153.8	-14.37
79.400		
79.434		
79.467		
79.501		
79.534		
79.567		
79.601		
79.634		
79.668		
79.701		
79.735		
79.768		
79.802		
79.835		
79.869		
79.902		
79.936		
79.969		
80.003		
80.036		
80.070		
80.103		
80.137		
80.170		
80.204		
80.237		
80.271		
80.304		
80.338		
80.371	153.9	-14.84
80.405		
80.438		
80.472		
80.505		
80.539		
80.572		
80.606		
80.639		
80.673		
80.706		
80.740		
80.773		
80.807		
80.840		
80.874		
80.907		
80.940		
80.974		
81.007		
81.041		
81.074		
81.108		
81.141		
81.175		
81.208		
81.242		
81.275		
81.309		
81.342		
81.376	153.7	-15.20
81.409		
81.443		
81.476		
81.510		
81.543		
81.577		
81.610		
81.644		
81.677		
81.711		
81.744		
81.778		
81.811		
81.845		
81.878		
81.912		
81.945		
81.979		
82.012		
82.046		
82.079		
82.113		
82.146		
82.180		
82.213		
82.247		
82.280		
82.314		
82.347		
82.380	153.1	-14.47
82.414		
82.447		
82.481		
82.514		
82.548		
82.581		
82.615		
82.648		
82.682		
82.715		
82.749		
82.782		
82.816		
82.849		
82.883		
82.916		
82.950		
82.983		
83.017		
83.050		
83.084		
83.117		
83.151		
83.184		
83.218		
83.251		
83.285		
83.318		
83.352		
83.385	153.1	-15.33
83.419		
83.452		
83.486		
83.519		
83.553		
83.586		
83.620		
83.653		
83.687		
83.720		
83.753		
83.787		
83.820		
83.854		
83.887		
83.921		
83.954		
83.988		
84.021		
84.055		
84.088		
84.122		
84.155		
84.189		
84.222		
84.256		
84.289		
84.323		
84.356		
84.390	153.0	-15.54
84.423		
84.457		
84.490		
84.524		
84.557		
84.591		
84.624		
84.658		
84.691		
84.725		
84.758		
84.792		
84.825		
84.859		
84.892		
84.926		
84.959		
84.993		
85.026		
85.060		
85.093		
85.126		
85.160		
85.193		
85.227		
85.260		
85.294		
85.327		
85.361		
85.394	153.6	-16.18
85.428		
85.461		
85.495		
85.528		
85.562		
85.595		
85.629		
85.662		
85.696		
85.729		
85.763		
85.796		
85.830		
85.863		
85.897		
85.930		
85.964		
85.997		
86.031		
86.064		
86.098		
86.131		
86.165		
86.198		
86.232		
86.265		
86.299		
86.332		
86.366		
86.399	155.0	-15.83
86.433		
86.466		
86.500		
86.533		
86.566		
86.600		
86.633		
86.667		
86.700		
86.734		
86.767		
86.801		
86.834		
86.868		
86.901		
86.935		
86.968		
87.002		
87.035		
87.069		
87.102		
87.136		
87.169		
87.203		
87.236		
87.270		
87.303		
87.337		
87.370		
87.404	155.0	-15.23
87.437		
87.471		
87.504		
87.538		
87.571		
87.605		
87.638		
87.672		
87.705		
87.739		
87.772		
87.806		
87.839		
87.873		
87.906		
87.939		
87.973		
88.006		
88.040		
88.073		
88.107		
88.140		
88.174		
88.207		
88.241		
88.274		
88.308		
88.341		
88.375		
88.408	154.8	-14.83
88.442		
88.475		
88.509		
88.542		
88.576		
88.609		
88.643		
88.676		
88.710		
88.743		
88.777		
88.810		
88.844		
88.877		
88.911		
88.944		
88.978		
89.011		
89.045		
89.078		
89.112		
89.145		
89.179		
89.212		
89.246		
89.279		
89.312		
89.346		
89.379		
89.413	155.4	-14.71
89.446		
89.480		
89.513		
89.547		
89.580		
89.614		
89.647		
89.681		
89.714		
89.748		
89.781		
89.815		
89.848		
89.882		
89.915		
89.949		
89.982		
90.016		
90.049		
90.083		
90.116		
90.150		
90.183		
90.217		
90.250		
90.284		
90.317		
90.351		
90.384		
90.418	155.3	-14.67
90.451		
90.485		
90.518		
90.552		
90.585		
90.619		
90.652		
90.686		
90.719		
90.752		
90.786		
90.819		
90.853		
90.886		
90.920		
90.953		
90.987		
91.020		
91.054		
91.087		
91.121		
91.154		
91.188		
91.221		
91.255		
91.288		
91.322		
91.355		
91.389		
91.422	155.5	-15.34
91.456		
91.489		
91.523		
91.556		
91.590		
91.623		
91.657		
91.690		
91.724		
91.757		
91.791		
91.824		
91.858		
91.891		
91.925		
91.958		
91.992		
92.025		
92.059		
92.092		
92.125		
92.159		
92.192		
92.226		
92.259		
92.293		
92.326		
92.360		
92.393		
92.427	154.8	-14.92
92.460		
92.494		
92.527		
92.561		
92.594		
92.628		
92.661		
92.695		
92.728		
92.762		
92.795		
92.829		
92.862		
92.896		
92.929		
92.963		
92.996		
93.030		
93.063		
93.097		
93.130		
93.164		
93.197		
93.231		
93.264		
93.298		
93.331		
93.365		
93.398		
93.432	154.9	-14.21
93.465		
93.498		
93.532		
93.565		
93.599		
93.632		
93.666		
93.699		
93.733		
93.766		
93.800		
93.833		
93.867		
93.900		
93.934		
93.967		
94.001		
94.034		
94.068		
94.101		
94.135		
94.168		
94.202		
94.235		
94.269		
94.302		
94.336		
94.369		
94.403		
94.436	155.1	-13.89
94.470		
94.503		
94.537		
94.570		
94.604		
94.637		
94.671		
94.704		
94.738		
94.771		
94.805		
94.838		
94.872		
94.905		
94.938		
94.972		
95.005		
95.039		
95.072		
95.106		
95.139		
95.173		
95.206		
95.240		
95.273		
95.307		
95.340		
95.374		
95.407		
95.441	154.4	-12.75
95.474		
95.508		
95.541		
95.575		
95.608		
95.642		
95.675		
95.709		
95.742		
95.776		
95.809		
95.843		
95.876		
95.910		
95.943		
95.977		
96.010		
96.044		
96.077		
96.111		
96.144		
96.178		
96.211		
96.245		
96.278		
96.311		
96.345		
96.378		
96.412		
96.445	154.6	-12.80
96.479		
96.512		
96.546		
96.579		
96.613		
96.646		
96.680		
96.713		
96.747		
96.780		
96.814		
96.847		
96.881		
96.914		
96.948		
96.981		
97.015		
97.048		
97.082		
97.115		
97.149		
97.182		
97.216		
97.249		
97.283		
97.316		
97.350		
97.383		
97.417		
97.450	154.1	-14.55
97.484		
97.517		
97.551		
97.584		
97.618		
97.651		
97.684		
97.718		
97.751		
97.785		
97.818		
97.852		
97.885		
97.919		
97.952		
97.986		
98.019		
98.053		
98.086		
98.120		
98.153		
98.187		
98.220		
98.254		
98.287		
98.321		
98.354		
98.388		
98.421		
98.455	153.4	-14.50
98.488		
98.522		
98.555		
98.589		
98.622		
98.656		
98.689		
98.723		
98.756		
98.790		
98.823		
98.857		
98.890		
98.924		
98.957		
98.991		
99.024		
99.058		
99.091		
99.124		
99.158		
99.191		
99.225		
99.258		
99.292		
99.325		
99.359		
99.392		
99.426		
99.459	153.7	-13.90
99.493		
99.526		
99.560		
99.593		
99.627		
99.660		
99.694		
99.727		
99.761		
99.794		
99.828		
99.861		
99.895		
99.928		
99.962		
99.995		
100.029		
100.062		
100.096		
100.129		
100.163		
100.196		
100.230		
100.263		
100.297		
100.330		
100.364		
100.397		
100.431		
100.464	153.0	-13.60
100.497		
100.531		
100.564		
100.598		
100.631		
100.665		
100.698		
100.732		
100.765		
100.799		
100.832		
100.866		
100.899		
100.933		
100.966		
101.000		
101.033		
101.067		
101.100		
101.134		
101.167		
101.201		
101.234		
101.268		
101.301		
101.335		
101.368		
101.402		
101.435		
101.469	153.8	-14.05
101.502		
101.536		
101.569		
101.603		
101.636		
101.670		
101.703		
101.737		
101.770		
101.804		
101.837		
101.870		
101.904		
101.937		
101.971		
102.004		
102.038		
102.071		
102.105		
102.138		
102.172		
102.205		
102.239		
102.272		
102.306		
102.339		
102.373		
102.406		
102.440		
102.473	154.1	-14.19
102.507		
102.540		
102.574		
102.607		
102.641		
102.674		
102.708		
102.741		
102.775		
102.808		
102.842		
102.875		
102.909		
102.942		
102.976		
103.009		
103.043		
103.076		
103.110		
103.143		
103.177		
103.210		
103.244		
103.277		
103.310		
103.344		
103.377		
103.411		
103.444		
103.478	153.6	-13.63
103.511		
103.545		
103.578		
103.612		
103.645		
103.679		
103.712		
103.746		
103.779		
103.813		
103.846		
103.880		
103.913		
103.947		
103.980		
104.014		
104.047		
104.081		
104.114		
104.148		
104.181		
104.215		
104.248		
104.282		
104.315		
104.349		
104.382		
104.416		
104.449		
104.483	152.7	-13.59
104.516		
104.550		
104.583		
104.617		
104.650		
104.683		
104.717		
104.750		
104.784		
104.817		
104.851		
104.884		
104.918		
104.951		
104.985		
105.018		
105.052		
105.085		
105.119		
105.152		
105.186		
105.219		
105.253		
105.286		
105.320		
105.353		
105.387		
105.420		
105.454		
105.487	153.1	-11.81
105.521		
105.554		
105.588		
105.621		
105.655		
105.688		
105.722		
105.755		
105.789		
105.822		
105.856		
105.889		
105.923		
105.956		
105.990		
106.023		
106.056		
106.090		
106.123		
106.157		
106.190		
106.224		
106.257		
106.291		
106.324		
106.358		
106.391		
106.425		
106.458		
106.492	152.9	-12.42
106.525		
106.559		
106.592		
106.626		
106.659		
106.693		
106.726		
106.760		
106.793		
106.827		
106.860		
106.894		
106.927		
106.961		
106.994		
107.028		
107.061		
107.095		
107.128		
107.162		
107.195		
107.229		
107.262		
107.296		
107.329		
107.363		
107.396		
107.430		
107.463		
107.496	153.3	-12.40
107.530		
107.563		
107.597		
107.630		
107.664		
107.697		
107.731		
107.764		
107.798		
107.831		
107.865		
107.898		
107.932		
107.965		
107.999		
108.032		
108.066		
108.099		
108.133		
108.166		
108.200		
108.233		
108.267		
108.300		
108.334		
108.367		
108.401		
108.434		
108.468		
108.501	153.4	-12.58
108.535		
108.568		
108.602		
108.635		
108.669		
108.702		
108.736		
108.769		
108.803		
108.836		
108.869		
108.903		
108.936		
108.970		
109.003		
109.037		
109.070		
109.104		
109.137		
109.171		
109.204		
109.238		
109.271		
109.305		
109.338		
109.372		
109.405		
109.439		
109.472		
109.506	154.6	-11.63
109.539		
109.573		
109.606		
109.640		
109.673		
109.707		
109.740		
109.774		
109.807		
109.841		
109.874		
109.908		
109.941		
109.975		
110.008		
110.042		
110.075		
110.109		
110.142		
110.176		
110.209		
110.242		
110.276		
110.309		
110.343		
110.376		
110.410		
110.443		
110.477		
110.510	155.3	-10.84
110.544		
110.577		
110.611		
110.644		
110.678		
110.711		
110.745		
110.778		
110.812		
110.845		
110.879		
110.912		
110.946		
110.979		
111.013		
111.046		
111.080		
111.113		
111.147		
111.180		
111.214		
111.247		
111.281		
111.314		
111.348		
111.381		
111.415		
111.448		
111.482		
111.515	155.3	-9.064
111.549		
111.582		
111.616		
111.649		
111.682		
111.716		
111.749		
111.783		
111.816		
111.850		
111.883		
111.917		
111.950		
111.984		
112.017		
112.051		
112.084		
112.118		
112.151		
112.185		
112.218		
112.252		
112.285		
112.319		
112.352		
112.386		
112.419		
112.453		
112.486		
112.520	154.6	-8.445
112.553		
112.587		
112.620		
112.654		
112.687		
112.721		
112.754		
112.788		
112.821		
112.855		
112.888		
112.922		
112.955		
112.989		
113.022		
113.055		
113.089		
113.122		
113.156		
113.189		
113.223		
113.256		
113.290		
113.323		
113.357		
113.390		
113.424		
113.457		
113.491		
113.524	154.4	-9.157
113.558		
113.591		
113.625		
113.658		
113.692		
113.725		
113.759		
113.792		
113.826		
113.859		
113.893		
113.926		
113.960		
113.993		
114.027		
114.060		
114.094		
114.127		
114.161		
114.194		
114.228		
114.261		
114.295		
114.328		
114.362		
114.395		
114.428		
114.462		
114.495		
114.529	154.5	-9.246
114.562		
114.596		
114.629		
114.663		
114.696		
114.730		
114.763		
114.797		
114.830		
114.864		
114.897		
114.931		
114.964		
114.998		
115.031		
115.065		
115.098		
115.132		
115.165		
115.199		
115.232		
115.266		
115.299		
115.333		
115.366		
115.400		
115.433		
115.467		
115.500		
115.534	153.9	-9.057
115.567		
115.601		
115.634		
115.668		
115.701		
115.735		
115.768		
115.802		
115.835		
115.868		
115.902		
115.935		
115.969		
116.002		
116.036		
116.069		
116.103		
116.136		
116.170		
116.203		
116.237		
116.270		
116.304		
116.337		
116.371		
116.404		
116.438		
116.471		
116.505		
116.538	154.4	-10.05
116.572		
116.605		
116.639		
116.672		
116.706		
116.739		
116.773		
116.806		
116.840		
116.873		
116.907		
116.940		
116.974		
117.007		
117.041		
117.074		
117.108		
117.141		
117.175		
117.208		
117.241		
117.275		
117.308		
117.342		
117.375		
117.409		
117.442		
117.476		
117.509		
117.543	154.6	-8.830
117.576		
117.610		
117.643		
117.677		
117.710		
117.744		
117.777		
117.811		
117.844		
117.878		
117.911		
117.945		
117.978		
118.012		
118.045		
118.079		
118.112		
118.146		
118.179		
118.213		
118.246		
118.280		
118.313		
118.347		
118.380		
118.414		
118.447		
118.481		
118.514		
118.548	155.8	-9.389
118.581		
118.614		
118.648		
118.681		
118.715		
118.748		
118.782		
118.815		
118.849		
118.882		
118.916		
118.949		
118.983		
119.016		
119.050		
119.083		
119.117		
119.150		
119.184		
119.217		
119.251		
119.284		
119.318		
119.351		
119.385		
119.418		
119.452		
119.485		
119.519		
119.552	155.9	-8.958
119.586		
119.619		
119.653		
119.686		
119.720		
119.753		
119.787		
119.820		
119.854		
119.887		
119.921		
119.954		
119.988		
120.021		
120.054		
120.088		
120.121		
120.155		
120.188		
120.222		
120.255		
120.289		
120.322		
120.356		
120.389		
120.423		
120.456		
120.490		
120.523		
120.557	155.7	-9.003
120.590		
120.624		
120.657		
120.691		
120.724		
120.758		
120.791		
120.825		
120.858		
120.892		
120.925		
120.959		
120.992		
121.026		
121.059		
121.093		
121.126		
121.160		
121.193		
121.227		
121.260		
121.294		
121.327		
121.361		
121.394		
121.427		
121.461		
121.494		
121.528		
121.561	156.0	-9.785
121.595		
121.628		
121.662		
121.695		
121.729		
121.762		
121.796		
121.829		
121.863		
121.896		
121.930		
121.963		
121.997		
122.030		
122.064		
122.097		
122.131		
122.164		
122.198		
122.231		
122.265		
122.298		
122.332		
122.365		
122.399		
122.432		
122.466		
122.499		
122.533		
122.566	156.2	-10.15
122.600		
122.633		
122.667		
122.700		
122.734		
122.767		
122.800		
122.834		
122.867		
122.901		
122.934		
122.968		
123.001		
123.035		
123.068		
123.102		
123.135		
123.169		
123.202		
123.236		
123.269		
123.303		
123.336		
123.370		
123.403		
123.437		
123.470		
123.504		
123.537		
123.571	156.3	-9.999
123.604		
123.638		
123.671		
123.705		
123.738		
123.772		
123.805		
123.839		
123.872		
123.906		
123.939		
123.973		
124.006		
124.040		
124.073		
124.107		
124.140		
124.174		
124.207		
124.240		
124.274		
124.307		
124.341		
124.374		
124.408		
124.441		
124.475		
124.508		
124.542		
124.575	157.0	-9.575
124.609		
124.642		
124.676		
124.709		
124.743		
124.776		
124.810		
124.843		
124.877		
124.910		
124.944		
124.977		
125.011		
125.044		
125.078		
125.111		
125.145		
125.178		
125.212		
125.245		
125.279		
125.312		
125.346		
125.379		
125.413		
125.446		
125.480		
125.513		
125.547		
125.580	157.5	-10.02
