	质量 F		
t	x	y	
1.004	114.0	25.03
1.037		
1.070		
1.104		
1.137		
1.171		
1.204		
1.238		
1.271		
1.305		
1.338		
1.371		
1.405		
1.438		
1.472		
1.505		
1.539		
1.572		
1.606		
1.639		
1.673		
1.706		
1.739		
1.773		
1.806		
1.840		
1.873		
1.907		
1.940		
1.974		
2.007	114.3	26.12
2.040		
2.074		
2.107		
2.141		
2.174		
2.208		
2.241		
2.275		
2.308		
2.342		
2.375		
2.408		
2.442		
2.475		
2.509		
2.542		
2.576		
2.609		
2.643		
2.676		
2.709		
2.743		
2.776		
2.810		
2.843		
2.877		
2.910		
2.944		
2.977		
3.011	114.0	26.39
3.044		
3.077		
3.111		
3.144		
3.178		
3.211		
3.245		
3.278		
3.312		
3.345		
3.379		
3.412		
3.445		
3.479		
3.512		
3.546		
3.579		
3.613		
3.646		
3.680		
3.713		
3.746		
3.780		
3.813		
3.847		
3.880		
3.914		
3.947		
3.981		
4.014	114.4	26.34
4.048		
4.081		
4.114		
4.148		
4.181		
4.215		
4.248		
4.282		
4.315		
4.349		
4.382		
4.415		
4.449		
4.482		
4.516		
4.549		
4.583		
4.616		
4.650		
4.683		
4.717		
4.750		
4.783		
4.817		
4.850		
4.884		
4.917		
4.951		
4.984		
5.018	115.7	25.96
5.051		
5.084		
5.118		
5.151		
5.185		
5.218		
5.252		
5.285		
5.319		
5.352		
5.386		
5.419		
5.452		
5.486		
5.519		
5.553		
5.586		
5.620		
5.653		
5.687		
5.720		
5.753		
5.787		
5.820		
5.854		
5.887		
5.921		
5.954		
5.988		
6.021	115.6	25.98
6.055		
6.088		
6.121		
6.155		
6.188		
6.222		
6.255		
6.289		
6.322		
6.356		
6.389		
6.423		
6.456		
6.489		
6.523		
6.556		
6.590		
6.623		
6.657		
6.690		
6.724		
6.757		
6.790		
6.824		
6.857		
6.891		
6.924		
6.958		
6.991		
7.025	115.8	26.75
7.058		
7.092		
7.125		
7.158		
7.192		
7.225		
7.259		
7.292		
7.326		
7.359		
7.393		
7.426		
7.459		
7.493		
7.526		
7.560		
7.593		
7.627		
7.660		
7.694		
7.727		
7.761		
7.794		
7.827		
7.861		
7.894		
7.928		
7.961		
7.995		
8.028	116.4	26.43
8.062		
8.095		
8.128		
8.162		
8.195		
8.229		
8.262		
8.296		
8.329		
8.363		
8.396		
8.430		
8.463		
8.496		
8.530		
8.563		
8.597		
8.630		
8.664		
8.697		
8.731		
8.764		
8.797		
8.831		
8.864		
8.898		
8.931		
8.965		
8.998		
9.032	116.7	27.21
9.065		
9.099		
9.132		
9.165		
9.199		
9.232		
9.266		
9.299		
9.333		
9.366		
9.400		
9.433		
9.467		
9.500		
9.533		
9.567		
9.600		
9.634		
9.667		
9.701		
9.734		
9.768		
9.801		
9.834		
9.868		
9.901		
9.935		
9.968		
10.002		
10.035	117.4	26.30
10.069		
10.102		
10.136		
10.169		
10.202		
10.236		
10.269		
10.303		
10.336		
10.370		
10.403		
10.437		
10.470		
10.503		
10.537		
10.570		
10.604		
10.637		
10.671		
10.704		
10.738		
10.771		
10.805		
10.838		
10.871		
10.905		
10.938		
10.972		
11.005		
11.039	118.0	26.34
11.072		
11.106		
11.139		
11.172		
11.206		
11.239		
11.273		
11.306		
11.340		
11.373		
11.407		
11.440		
11.474		
11.507		
11.540		
11.574		
11.607		
11.641		
11.674		
11.708		
11.741		
11.775		
11.808		
11.842		
11.875		
11.908		
11.942		
11.975		
12.009		
12.042	118.0	26.27
12.076		
12.109		
12.143		
12.176		
12.209		
12.243		
12.276		
12.310		
12.343		
12.377		
12.410		
12.444		
12.477		
12.511		
12.544		
12.577		
12.611		
12.644		
12.678		
12.711		
12.745		
12.778		
12.812		
12.845		
12.878		
12.912		
12.945		
12.979		
13.012		
13.046	118.1	26.20
13.079		
13.113		
13.146		
13.180		
13.213		
13.246		
13.280		
13.313		
13.347		
13.380		
13.414		
13.447		
13.481		
13.514		
13.547		
13.581		
13.614		
13.648		
13.681		
13.715		
13.748		
13.782		
13.815		
13.849		
13.882		
13.915		
13.949		
13.982		
14.016		
14.049	118.9	26.14
14.083		
14.116		
14.150		
14.183		
14.216		
14.250		
14.283		
14.317		
14.350		
14.384		
14.417		
14.451		
14.484		
14.518		
14.551		
14.584		
14.618		
14.651		
14.685		
14.718		
14.752		
14.785		
14.819		
14.852		
14.886		
14.919		
14.952		
14.986		
15.019		
15.053	118.5	25.58
15.086		
15.120		
15.153		
15.187		
15.220		
15.253		
15.287		
15.320		
15.354		
15.387		
15.421		
15.454		
15.488		
15.521		
15.555		
15.588		
15.621		
15.655		
15.688		
15.722		
15.755		
15.789		
15.822		
15.856		
15.889		
15.922		
15.956		
15.989		
16.023		
16.056	118.6	25.77
16.090		
16.123		
16.157		
16.190		
16.224		
16.257		
16.290		
16.324		
16.357		
16.391		
16.424		
16.458		
16.491		
16.525		
16.558		
16.591		
16.625		
16.658		
16.692		
16.725		
16.759		
16.792		
16.826		
16.859		
16.893		
16.926		
16.959		
16.993		
17.026		
17.060	118.1	26.46
17.093		
17.127		
17.160		
17.194		
17.227		
17.260		
17.294		
17.327		
17.361		
17.394		
17.428		
17.461		
17.495		
17.528		
17.562		
17.595		
17.628		
17.662		
17.695		
17.729		
17.762		
17.796		
17.829		
17.863		
17.896		
17.930		
17.963		
17.996		
18.030		
18.063	118.1	26.57
18.097		
18.130		
18.164		
18.197		
18.231		
18.264		
18.297		
18.331		
18.364		
18.398		
18.431		
18.465		
18.498		
18.532		
18.565		
18.599		
18.632		
18.665		
18.699		
18.732		
18.766		
18.799		
18.833		
18.866		
18.900		
18.933		
18.966		
19.000		
19.033		
19.067	117.8	26.44
19.100		
19.134		
19.167		
19.201		
19.234		
19.268		
19.301		
19.334		
19.368		
19.401		
19.435		
19.468		
19.502		
19.535		
19.569		
19.602		
19.635		
19.669		
19.702		
19.736		
19.769		
19.803		
19.836		
19.870		
19.903		
19.937		
19.970		
20.003		
20.037		
20.070	117.4	27.11
20.104		
20.137		
20.171		
20.204		
20.238		
20.271		
20.304		
20.338		
20.371		
20.405		
20.438		
20.472		
20.505		
20.539		
20.572		
20.606		
20.639		
20.672		
20.706		
20.739		
20.773		
20.806		
20.840		
20.873		
20.907		
20.940		
20.974		
21.007		
21.040		
21.074	117.6	26.23
21.107		
21.141		
21.174		
21.208		
21.241		
21.275		
21.308		
21.341		
21.375		
21.408		
21.442		
21.475		
21.509		
21.542		
21.576		
21.609		
21.643		
21.676		
21.709		
21.743		
21.776		
21.810		
21.843		
21.877		
21.910		
21.944		
21.977		
22.010		
22.044		
22.077	116.7	26.78
22.111		
22.144		
22.178		
22.211		
22.245		
22.278		
22.312		
22.345		
22.378		
22.412		
22.445		
22.479		
22.512		
22.546		
22.579		
22.613		
22.646		
22.679		
22.713		
22.746		
22.780		
22.813		
22.847		
22.880		
22.914		
22.947		
22.981		
23.014		
23.047		
23.081	118.0	27.77
23.114		
23.148		
23.181		
23.215		
23.248		
23.282		
23.315		
23.348		
23.382		
23.415		
23.449		
23.482		
23.516		
23.549		
23.583		
23.616		
23.650		
23.683		
23.716		
23.750		
23.783		
23.817		
23.850		
23.884		
23.917		
23.951		
23.984		
24.018		
24.051		
24.084	117.9	28.02
24.118		
24.151		
24.185		
24.218		
24.252		
24.285		
24.319		
24.352		
24.385		
24.419		
24.452		
24.486		
24.519		
24.553		
24.586		
24.620		
24.653		
24.687		
24.720		
24.753		
24.787		
24.820		
24.854		
24.887		
24.921		
24.954		
24.988		
25.021		
25.054		
25.088	117.7	27.62
25.121		
25.155		
25.188		
25.222		
25.255		
25.289		
25.322		
25.356		
25.389		
25.422		
25.456		
25.489		
25.523		
25.556		
25.590		
25.623		
25.657		
25.690		
25.723		
25.757		
25.790		
25.824		
25.857		
25.891		
25.924		
25.958		
25.991		
26.025		
26.058		
26.091	118.1	27.39
26.125		
26.158		
26.192		
26.225		
26.259		
26.292		
26.326		
26.359		
26.392		
26.426		
26.459		
26.493		
26.526		
26.560		
26.593		
26.627		
26.660		
26.694		
26.727		
26.760		
26.794		
26.827		
26.861		
26.894		
26.928		
26.961		
26.995		
27.028		
27.062		
27.095	117.4	26.28
27.128		
27.162		
27.195		
27.229		
27.262		
27.296		
27.329		
27.363		
27.396		
27.429		
27.463		
27.496		
27.530		
27.563		
27.597		
27.630		
27.664		
27.697		
27.731		
27.764		
27.797		
27.831		
27.864		
27.898		
27.931		
27.965		
27.998		
28.032		
28.065		
28.098	116.3	26.27
28.132		
28.165		
28.199		
28.232		
28.266		
28.299		
28.333		
28.366		
28.400		
28.433		
28.466		
28.500		
28.533		
28.567		
28.600		
28.634		
28.667		
28.701		
28.734		
28.767		
28.801		
28.834		
28.868		
28.901		
28.935		
28.968		
29.002		
29.035		
29.069		
29.102	116.3	26.05
29.135		
29.169		
29.202		
29.236		
29.269		
29.303		
29.336		
29.370		
29.403		
29.437		
29.470		
29.503		
29.537		
29.570		
29.604		
29.637		
29.671		
29.704		
29.738		
29.771		
29.804		
29.838		
29.871		
29.905		
29.938		
29.972		
30.005		
30.039		
30.072		
30.106	116.4	26.06
30.139		
30.172		
30.206		
30.239		
30.273		
30.306		
30.340		
30.373		
30.407		
30.440		
30.473		
30.507		
30.540		
30.574		
30.607		
30.641		
30.674		
30.708		
30.741		
30.775		
30.808		
30.841		
30.875		
30.908		
30.942		
30.975		
31.009		
31.042		
31.076		
31.109	116.5	25.53
31.142		
31.176		
31.209		
31.243		
31.276		
31.310		
31.343		
31.377		
31.410		
31.444		
31.477		
31.510		
31.544		
31.577		
31.611		
31.644		
31.678		
31.711		
31.745		
31.778		
31.811		
31.845		
31.878		
31.912		
31.945		
31.979		
32.012		
32.046		
32.079		
32.113	117.7	26.14
32.146		
32.179		
32.213		
32.246		
32.280		
32.313		
32.347		
32.380		
32.414		
32.447		
32.481		
32.514		
32.547		
32.581		
32.614		
32.648		
32.681		
32.715		
32.748		
32.782		
32.815		
32.848		
32.882		
32.915		
32.949		
32.982		
33.016		
33.049		
33.083		
33.116	117.7	25.70
33.150		
33.183		
33.216		
33.250		
33.283		
33.317		
33.350		
33.384		
33.417		
33.451		
33.484		
33.517		
33.551		
33.584		
33.618		
33.651		
33.685		
33.718		
33.752		
33.785		
33.819		
33.852		
33.885		
33.919		
33.952		
33.986		
34.019		
34.053		
34.086		
34.120	119.2	27.02
34.153		
34.186		
34.220		
34.253		
34.287		
34.320		
34.354		
34.387		
34.421		
34.454		
34.488		
34.521		
34.554		
34.588		
34.621		
34.655		
34.688		
34.722		
34.755		
34.789		
34.822		
34.855		
34.889		
34.922		
34.956		
34.989		
35.023		
35.056		
35.090		
35.123	120.2	27.03
35.157		
35.190		
35.223		
35.257		
35.290		
35.324		
35.357		
35.391		
35.424		
35.458		
35.491		
35.525		
35.558		
35.591		
35.625		
35.658		
35.692		
35.725		
35.759		
35.792		
35.826		
35.859		
35.892		
35.926		
35.959		
35.993		
36.026		
36.060		
36.093		
36.127	120.0	27.11
36.160		
36.194		
36.227		
36.260		
36.294		
36.327		
36.361		
36.394		
36.428		
36.461		
36.495		
36.528		
36.561		
36.595		
36.628		
36.662		
36.695		
36.729		
36.762		
36.796		
36.829		
36.863		
36.896		
36.929		
36.963		
36.996		
37.030		
37.063		
37.097		
37.130	120.0	28.00
37.164		
37.197		
37.230		
37.264		
37.297		
37.331		
37.364		
37.398		
37.431		
37.465		
37.498		
37.532		
37.565		
37.598		
37.632		
37.665		
37.699		
37.732		
37.766		
37.799		
37.833		
37.866		
37.899		
37.933		
37.966		
38.000		
38.033		
38.067		
38.100		
38.134	119.7	28.03
38.167		
38.201		
38.234		
38.267		
38.301		
38.334		
38.368		
38.401		
38.435		
38.468		
38.502		
38.535		
38.569		
38.602		
38.635		
38.669		
38.702		
38.736		
38.769		
38.803		
38.836		
38.870		
38.903		
38.936		
38.970		
39.003		
39.037		
39.070		
39.104		
39.137	119.2	28.45
39.171		
39.204		
39.238		
39.271		
39.304		
39.338		
39.371		
39.405		
39.438		
39.472		
39.505		
39.539		
39.572		
39.605		
39.639		
39.672		
39.706		
39.739		
39.773		
39.806		
39.840		
39.873		
39.907		
39.940		
39.973		
40.007		
40.040		
40.074		
40.107		
40.141	119.6	27.95
40.174		
40.208		
40.241		
40.274		
40.308		
40.341		
40.375		
40.408		
40.442		
40.475		
40.509		
40.542		
40.576		
40.609		
40.642		
40.676		
40.709		
40.743		
40.776		
40.810		
40.843		
40.877		
40.910		
40.943		
40.977		
41.010		
41.044		
41.077		
41.111		
41.144	119.9	28.73
41.178		
41.211		
41.245		
41.278		
41.311		
41.345		
41.378		
41.412		
41.445		
41.479		
41.512		
41.546		
41.579		
41.613		
41.646		
41.679		
41.713		
41.746		
41.780		
41.813		
41.847		
41.880		
41.914		
41.947		
41.980		
42.014		
42.047		
42.081		
42.114		
42.148	119.7	29.01
42.181		
42.215		
42.248		
42.282		
42.315		
42.348		
42.382		
42.415		
42.449		
42.482		
42.516		
42.549		
42.583		
42.616		
42.649		
42.683		
42.716		
42.750		
42.783		
42.817		
42.850		
42.884		
42.917		
42.951		
42.984		
43.017		
43.051		
43.084		
43.118		
43.151	119.9	28.35
43.185		
43.218		
43.252		
43.285		
43.318		
43.352		
43.385		
43.419		
43.452		
43.486		
43.519		
43.553		
43.586		
43.620		
43.653		
43.686		
43.720		
43.753		
43.787		
43.820		
43.854		
43.887		
43.921		
43.954		
43.987		
44.021		
44.054		
44.088		
44.121		
44.155	119.4	28.94
44.188		
44.222		
44.255		
44.289		
44.322		
44.355		
44.389		
44.422		
44.456		
44.489		
44.523		
44.556		
44.590		
44.623		
44.657		
44.690		
44.723		
44.757		
44.790		
44.824		
44.857		
44.891		
44.924		
44.958		
44.991		
45.024		
45.058		
45.091		
45.125		
45.158	120.4	28.66
45.192		
45.225		
45.259		
45.292		
45.326		
45.359		
45.392		
45.426		
45.459		
45.493		
45.526		
45.560		
45.593		
45.627		
45.660		
45.693		
45.727		
45.760		
45.794		
45.827		
45.861		
45.894		
45.928		
45.961		
45.995		
46.028		
46.061		
46.095		
46.128		
46.162	120.6	27.72
46.195		
46.229		
46.262		
46.296		
46.329		
46.362		
46.396		
46.429		
46.463		
46.496		
46.530		
46.563		
46.597		
46.630		
46.664		
46.697		
46.730		
46.764		
46.797		
46.831		
46.864		
46.898		
46.931		
46.965		
46.998		
47.031		
47.065		
47.098		
47.132		
47.165	121.0	27.00
47.199		
47.232		
47.266		
47.299		
47.333		
47.366		
47.399		
47.433		
47.466		
47.500		
47.533		
47.567		
47.600		
47.634		
47.667		
47.701		
47.734		
47.767		
47.801		
47.834		
47.868		
47.901		
47.935		
47.968		
48.002		
48.035		
48.068		
48.102		
48.135		
48.169	121.0	27.15
48.202		
48.236		
48.269		
48.303		
48.336		
48.370		
48.403		
48.436		
48.470		
48.503		
48.537		
48.570		
48.604		
48.637		
48.671		
48.704		
48.737		
48.771		
48.804		
48.838		
48.871		
48.905		
48.938		
48.972		
49.005		
49.039		
49.072		
49.105		
49.139		
49.172	120.5	27.85
49.206		
49.239		
49.273		
49.306		
49.340		
49.373		
49.406		
49.440		
49.473		
49.507		
49.540		
49.574		
49.607		
49.641		
49.674		
49.708		
49.741		
49.774		
49.808		
49.841		
49.875		
49.908		
49.942		
49.975		
50.009		
50.042		
50.076		
50.109		
50.142		
50.176	121.1	28.77
50.209		
50.243		
50.276		
50.310		
50.343		
50.377		
50.410		
50.443		
50.477		
50.510		
50.544		
50.577		
50.611		
50.644		
50.678		
50.711		
50.745		
50.778		
50.811		
50.845		
50.878		
50.912		
50.945		
50.979		
51.012		
51.046		
51.079		
51.112		
51.146		
51.179	121.3	28.72
51.213		
51.246		
51.280		
51.313		
51.347		
51.380		
51.414		
51.447		
51.480		
51.514		
51.547		
51.581		
51.614		
51.648		
51.681		
51.715		
51.748		
51.781		
51.815		
51.848		
51.882		
51.915		
51.949		
51.982		
52.016		
52.049		
52.083		
52.116		
52.149		
52.183	120.6	29.09
52.216		
52.250		
52.283		
52.317		
52.350		
52.384		
52.417		
52.450		
52.484		
52.517		
52.551		
52.584		
52.618		
52.651		
52.685		
52.718		
52.752		
52.785		
52.818		
52.852		
52.885		
52.919		
52.952		
52.986		
53.019		
53.053		
53.086		
53.120		
53.153		
53.186	121.2	29.29
53.220		
53.253		
53.287		
53.320		
53.354		
53.387		
53.421		
53.454		
53.487		
53.521		
53.554		
53.588		
53.621		
53.655		
53.688		
53.722		
53.755		
53.789		
53.822		
53.855		
53.889		
53.922		
53.956		
53.989		
54.023		
54.056		
54.090		
54.123		
54.156		
54.190	121.2	29.43
54.223		
54.257		
54.290		
54.324		
54.357		
54.391		
54.424		
54.458		
54.491		
54.524		
54.558		
54.591		
54.625		
54.658		
54.692		
54.725		
54.759		
54.792		
54.825		
54.859		
54.892		
54.926		
54.959		
54.993		
55.026		
55.060		
55.093		
55.127		
55.160		
55.193	121.3	30.28
55.227		
55.260		
55.294		
55.327		
55.361		
55.394		
55.428		
55.461		
55.494		
55.528		
55.561		
55.595		
55.628		
55.662		
55.695		
55.729		
55.762		
55.796		
55.829		
55.862		
55.896		
55.929		
55.963		
55.996		
56.030		
56.063		
56.097		
56.130		
56.164		
56.197	122.1	30.82
56.230		
56.264		
56.297		
56.331		
56.364		
56.398		
56.431		
56.465		
56.498		
56.531		
56.565		
56.598		
56.632		
56.665		
56.699		
56.732		
56.766		
56.799		
56.833		
56.866		
56.899		
56.933		
56.966		
57.000		
57.033		
57.067		
57.100		
57.134		
57.167		
57.200	121.9	31.30
57.234		
57.267		
57.301		
57.334		
57.368		
57.401		
57.435		
57.468		
57.502		
57.535		
57.568		
57.602		
57.635		
57.669		
57.702		
57.736		
57.769		
57.803		
57.836		
57.869		
57.903		
57.936		
57.970		
58.003		
58.037		
58.070		
58.104		
58.137		
58.171		
58.204	121.2	32.03
58.237		
58.271		
58.304		
58.338		
58.371		
58.405		
58.438		
58.472		
58.505		
58.538		
58.572		
58.605		
58.639		
58.672		
58.706		
58.739		
58.773		
58.806		
58.840		
58.873		
58.906		
58.940		
58.973		
59.007		
59.040		
59.074		
59.107		
59.141		
59.174		
59.208	121.2	31.07
59.241		
59.274		
59.308		
59.341		
59.375		
59.408		
59.442		
59.475		
59.509		
59.542		
59.575		
59.609		
59.642		
59.676		
59.709		
59.743		
59.776		
59.810		
59.843		
59.877		
59.910		
59.943		
59.977		
60.010		
60.044		
60.077		
60.111		
60.144		
60.178		
60.211	121.0	30.90
60.244		
60.278		
60.311		
60.345		
60.378		
60.412		
60.445		
60.479		
60.512		
60.546		
60.579		
60.612		
60.646		
60.679		
60.713		
60.746		
60.780		
60.813		
60.847		
60.880		
60.913		
60.947		
60.980		
61.014		
61.047		
61.081		
61.114		
61.148		
61.181		
61.215	121.2	32.22
61.248		
61.281		
61.315		
61.348		
61.382		
61.415		
61.449		
61.482		
61.516		
61.549		
61.582		
61.616		
61.649		
61.683		
61.716		
61.750		
61.783		
61.817		
61.850		
61.884		
61.917		
61.950		
61.984		
62.017		
62.051		
62.084		
62.118		
62.151		
62.185		
62.218	121.0	32.90
62.252		
62.285		
62.318		
62.352		
62.385		
62.419		
62.452		
62.486		
62.519		
62.553		
62.586		
62.619		
62.653		
62.686		
62.720		
62.753		
62.787		
62.820		
62.854		
62.887		
62.921		
62.954		
62.987		
63.021		
63.054		
63.088		
63.121		
63.155		
63.188		
63.222	120.9	33.15
63.255		
63.288		
63.322		
63.355		
63.389		
63.422		
63.456		
63.489		
63.523		
63.556		
63.590		
63.623		
63.656		
63.690		
63.723		
63.757		
63.790		
63.824		
63.857		
63.891		
63.924		
63.957		
63.991		
64.024		
64.058		
64.091		
64.125		
64.158		
64.192		
64.225	120.4	33.42
64.259		
64.292		
64.325		
64.359		
64.392		
64.426		
64.459		
64.493		
64.526		
64.560		
64.593		
64.626		
64.660		
64.693		
64.727		
64.760		
64.794		
64.827		
64.861		
64.894		
64.928		
64.961		
64.994		
65.028		
65.061		
65.095		
65.128		
65.162		
65.195		
65.229	120.3	33.31
65.262		
65.296		
65.329		
65.362		
65.396		
65.429		
65.463		
65.496		
65.530		
65.563		
65.597		
65.630		
65.663		
65.697		
65.730		
65.764		
65.797		
65.831		
65.864		
65.898		
65.931		
65.965		
65.998		
66.031		
66.065		
66.098		
66.132		
66.165		
66.199		
66.232	120.4	33.33
66.266		
66.299		
66.332		
66.366		
66.399		
66.433		
66.466		
66.500		
66.533		
66.567		
66.600		
66.634		
66.667		
66.700		
66.734		
66.767		
66.801		
66.834		
66.868		
66.901		
66.935		
66.968		
67.001		
67.035		
67.068		
67.102		
67.135		
67.169		
67.202		
67.236	120.3	34.50
67.269		
67.303		
67.336		
67.369		
67.403		
67.436		
67.470		
67.503		
67.537		
67.570		
67.604		
67.637		
67.671		
67.704		
67.737		
67.771		
67.804		
67.838		
67.871		
67.905		
67.938		
67.972		
68.005		
68.038		
68.072		
68.105		
68.139		
68.172		
68.206		
68.239	120.8	34.10
68.273		
68.306		
68.340		
68.373		
68.406		
68.440		
68.473		
68.507		
68.540		
68.574		
68.607		
68.641		
68.674		
68.707		
68.741		
68.774		
68.808		
68.841		
68.875		
68.908		
68.942		
68.975		
69.009		
69.042		
69.075		
69.109		
69.142		
69.176		
69.209		
69.243	121.9	34.73
69.276		
69.310		
69.343		
69.376		
69.410		
69.443		
69.477		
69.510		
69.544		
69.577		
69.611		
69.644		
69.678		
69.711		
69.744		
69.778		
69.811		
69.845		
69.878		
69.912		
69.945		
69.979		
70.012		
70.045		
70.079		
70.112		
70.146		
70.179		
70.213		
70.246	121.7	34.52
70.280		
70.313		
70.347		
70.380		
70.413		
70.447		
70.480		
70.514		
70.547		
70.581		
70.614		
70.648		
70.681		
70.715		
70.748		
70.781		
70.815		
70.848		
70.882		
70.915		
70.949		
70.982		
71.016		
71.049		
71.082		
71.116		
71.149		
71.183		
71.216		
71.250	121.4	34.45
71.283		
71.317		
71.350		
71.384		
71.417		
71.450		
71.484		
71.517		
71.551		
71.584		
71.618		
71.651		
71.685		
71.718		
71.751		
71.785		
71.818		
71.852		
71.885		
71.919		
71.952		
71.986		
72.019		
72.053		
72.086		
72.119		
72.153		
72.186		
72.220		
72.253	121.4	34.43
72.287		
72.320		
72.354		
72.387		
72.420		
72.454		
72.487		
72.521		
72.554		
72.588		
72.621		
72.655		
72.688		
72.722		
72.755		
72.788		
72.822		
72.855		
72.889		
72.922		
72.956		
72.989		
73.023		
73.056		
73.089		
73.123		
73.156		
73.190		
73.223		
73.257	122.6	34.88
73.290		
73.324		
73.357		
73.391		
73.424		
73.457		
73.491		
73.524		
73.558		
73.591		
73.625		
73.658		
73.692		
73.725		
73.759		
73.792		
73.825		
73.859		
73.892		
73.926		
73.959		
73.993		
74.026		
74.060		
74.093		
74.126		
74.160		
74.193		
74.227		
74.260	122.5	34.15
74.294		
74.327		
74.361		
74.394		
74.428		
74.461		
74.494		
74.528		
74.561		
74.595		
74.628		
74.662		
74.695		
74.729		
74.762		
74.795		
74.829		
74.862		
74.896		
74.929		
74.963		
74.996		
75.030		
75.063		
75.097		
75.130		
75.163		
75.197		
75.230		
75.264	123.1	33.11
75.297		
75.331		
75.364		
75.398		
75.431		
75.464		
75.498		
75.531		
75.565		
75.598		
75.632		
75.665		
75.699		
75.732		
75.766		
75.799		
75.832		
75.866		
75.899		
75.933		
75.966		
76.000		
76.033		
76.067		
76.100		
76.133		
76.167		
76.200		
76.234		
76.267	123.9	31.94
76.301		
76.334		
76.368		
76.401		
76.435		
76.468		
76.501		
76.535		
76.568		
76.602		
76.635		
76.669		
76.702		
76.736		
76.769		
76.803		
76.836		
76.869		
76.903		
76.936		
76.970		
77.003		
77.037		
77.070		
77.104		
77.137		
77.170		
77.204		
77.237		
77.271	124.2	33.07
77.304		
77.338		
77.371		
77.405		
77.438		
77.472		
77.505		
77.538		
77.572		
77.605		
77.639		
77.672		
77.706		
77.739		
77.773		
77.806		
77.839		
77.873		
77.906		
77.940		
77.973		
78.007		
78.040		
78.074		
78.107		
78.141		
78.174		
78.207		
78.241		
78.274	124.2	33.13
78.308		
78.341		
78.375		
78.408		
78.442		
78.475		
78.508		
78.542		
78.575		
78.609		
78.642		
78.676		
78.709		
78.743		
78.776		
78.810		
78.843		
78.876		
78.910		
78.943		
78.977		
79.010		
79.044		
79.077		
79.111		
79.144		
79.177		
79.211		
79.244		
79.278	124.3	32.25
79.311		
79.345		
79.378		
79.412		
79.445		
79.479		
79.512		
79.545		
79.579		
79.612		
79.646		
79.679		
79.713		
79.746		
79.780		
79.813		
79.847		
79.880		
79.913		
79.947		
79.980		
80.014		
80.047		
80.081		
80.114		
80.148		
80.181		
80.214		
80.248		
80.281	123.0	32.34
80.315		
80.348		
80.382		
80.415		
80.449		
80.482		
80.516		
80.549		
80.582		
80.616		
80.649		
80.683		
80.716		
80.750		
80.783		
80.817		
80.850		
80.883		
80.917		
80.950		
80.984		
81.017		
81.051		
81.084		
81.118		
81.151		
81.185		
81.218		
81.251		
81.285	124.2	32.45
81.318		
81.352		
81.385		
81.419		
81.452		
81.486		
81.519		
81.552		
81.586		
81.619		
81.653		
81.686		
81.720		
81.753		
81.787		
81.820		
81.854		
81.887		
81.920		
81.954		
81.987		
82.021		
82.054		
82.088		
82.121		
82.155		
82.188		
82.221		
82.255		
82.288	124.2	32.68
82.322		
82.355		
82.389		
82.422		
82.456		
82.489		
82.523		
82.556		
82.589		
82.623		
82.656		
82.690		
82.723		
82.757		
82.790		
82.824		
82.857		
82.891		
82.924		
82.957		
82.991		
83.024		
83.058		
83.091		
83.125		
83.158		
83.192		
83.225		
83.258		
83.292	124.2	31.89
83.325		
83.359		
83.392		
83.426		
83.459		
83.493		
83.526		
83.560		
83.593		
83.626		
83.660		
83.693		
83.727		
83.760		
83.794		
83.827		
83.861		
83.894		
83.927		
83.961		
83.994		
84.028		
84.061		
84.095		
84.128		
84.162		
84.195		
84.229		
84.262		
84.295	124.3	32.02
84.329		
84.362		
84.396		
84.429		
84.463		
84.496		
84.530		
84.563		
84.596		
84.630		
84.663		
84.697		
84.730		
84.764		
84.797		
84.831		
84.864		
84.898		
84.931		
84.964		
84.998		
85.031		
85.065		
85.098		
85.132		
85.165		
85.199		
85.232		
85.265		
85.299	125.2	31.29
85.332		
85.366		
85.399		
85.433		
85.466		
85.500		
85.533		
85.567		
85.600		
85.633		
85.667		
85.700		
85.734		
85.767		
85.801		
85.834		
85.868		
85.901		
85.935		
85.968		
86.001		
86.035		
86.068		
86.102		
86.135		
86.169		
86.202		
86.236		
86.269		
86.302	126.1	31.61
86.336		
86.369		
86.403		
86.436		
86.470		
86.503		
86.537		
86.570		
86.604		
86.637		
86.670		
86.704		
86.737		
86.771		
86.804		
86.838		
86.871		
86.905		
86.938		
86.971		
87.005		
87.038		
87.072		
87.105		
87.139		
87.172		
87.206		
87.239		
87.273		
87.306	126.3	32.10
87.339		
87.373		
87.406		
87.440		
87.473		
87.507		
87.540		
87.574		
87.607		
87.640		
87.674		
87.707		
87.741		
87.774		
87.808		
87.841		
87.875		
87.908		
87.942		
87.975		
88.008		
88.042		
88.075		
88.109		
88.142		
88.176		
88.209		
88.243		
88.276		
88.310	126.4	33.11
88.343		
88.376		
88.410		
88.443		
88.477		
88.510		
88.544		
88.577		
88.611		
88.644		
88.677		
88.711		
88.744		
88.778		
88.811		
88.845		
88.878		
88.912		
88.945		
88.979		
89.012		
89.045		
89.079		
89.112		
89.146		
89.179		
89.213		
89.246		
89.280		
89.313	125.9	33.87
89.346		
89.380		
89.413		
89.447		
89.480		
89.514		
89.547		
89.581		
89.614		
89.648		
89.681		
89.714		
89.748		
89.781		
89.815		
89.848		
89.882		
89.915		
89.949		
89.982		
90.015		
90.049		
90.082		
90.116		
90.149		
90.183		
90.216		
90.250		
90.283		
90.317	125.7	33.85
90.350		
90.383		
90.417		
90.450		
90.484		
90.517		
90.551		
90.584		
90.618		
90.651		
90.684		
90.718		
90.751		
90.785		
90.818		
90.852		
90.885		
90.919		
90.952		
90.986		
91.019		
91.052		
91.086		
91.119		
91.153		
91.186		
91.220		
91.253		
91.287		
91.320	125.0	34.41
91.354		
91.387		
91.420		
91.454		
91.487		
91.521		
91.554		
91.588		
91.621		
91.655		
91.688		
91.721		
91.755		
91.788		
91.822		
91.855		
91.889		
91.922		
91.956		
91.989		
92.023		
92.056		
92.089		
92.123		
92.156		
92.190		
92.223		
92.257		
92.290		
92.324	125.1	34.39
92.357		
92.390		
92.424		
92.457		
92.491		
92.524		
92.558		
92.591		
92.625		
92.658		
92.692		
92.725		
92.758		
92.792		
92.825		
92.859		
92.892		
92.926		
92.959		
92.993		
93.026		
93.059		
93.093		
93.126		
93.160		
93.193		
93.227		
93.260		
93.294		
93.327	126.0	33.95
93.361		
93.394		
93.427		
93.461		
93.494		
93.528		
93.561		
93.595		
93.628		
93.662		
93.695		
93.728		
93.762		
93.795		
93.829		
93.862		
93.896		
93.929		
93.963		
93.996		
94.030		
94.063		
94.096		
94.130		
94.163		
94.197		
94.230		
94.264		
94.297		
94.331	127.4	34.10
94.364		
94.398		
94.431		
94.464		
94.498		
94.531		
94.565		
94.598		
94.632		
94.665		
94.699		
94.732		
94.765		
94.799		
94.832		
94.866		
94.899		
94.933		
94.966		
95.000		
95.033		
95.067		
95.100		
95.133		
95.167		
95.200		
95.234		
95.267		
95.301		
95.334	127.2	34.05
95.368		
95.401		
95.434		
95.468		
95.501		
95.535		
95.568		
95.602		
95.635		
95.669		
95.702		
95.736		
95.769		
95.802		
95.836		
95.869		
95.903		
95.936		
95.970		
96.003		
96.037		
96.070		
96.103		
96.137		
96.170		
96.204		
96.237		
96.271		
96.304		
96.338	127.1	34.20
96.371		
96.405		
96.438		
96.471		
96.505		
96.538		
96.572		
96.605		
96.639		
96.672		
96.706		
96.739		
96.772		
96.806		
96.839		
96.873		
96.906		
96.940		
96.973		
97.007		
97.040		
97.074		
97.107		
97.140		
97.174		
97.207		
97.241		
97.274		
97.308		
97.341	126.5	35.23
97.375		
97.408		
97.442		
97.475		
97.508		
97.542		
97.575		
97.609		
97.642		
97.676		
97.709		
97.743		
97.776		
97.809		
97.843		
97.876		
97.910		
97.943		
97.977		
98.010		
98.044		
98.077		
98.111		
98.144		
98.177		
98.211		
98.244		
98.278		
98.311		
98.345	127.2	36.32
98.378		
98.412		
98.445		
98.478		
98.512		
98.545		
98.579		
98.612		
98.646		
98.679		
98.713		
98.746		
98.780		
98.813		
98.846		
98.880		
98.913		
98.947		
98.980		
99.014		
99.047		
99.081		
99.114		
99.147		
99.181		
99.214		
99.248		
99.281		
99.315		
99.348	127.5	36.48
99.382		
99.415		
99.449		
99.482		
99.515		
99.549		
99.582		
99.616		
99.649		
99.683		
99.716		
99.750		
99.783		
99.816		
99.850		
99.883		
99.917		
99.950		
99.984		
100.017		
100.051		
100.084		
100.118		
100.151		
100.184		
100.218		
100.251		
100.285		
100.318		
100.352	127.6	37.04
100.385		
100.419		
100.452		
100.486		
100.519		
100.552		
100.586		
100.619		
100.653		
100.686		
100.720		
100.753		
100.787		
100.820		
100.853		
100.887		
100.920		
100.954		
100.987		
101.021		
101.054		
101.088		
101.121		
101.155		
101.188		
101.221		
101.255		
101.288		
101.322		
101.355	127.3	37.47
101.389		
101.422		
101.456		
101.489		
101.522		
101.556		
101.589		
101.623		
101.656		
101.690		
101.723		
101.757		
101.790		
101.824		
101.857		
101.890		
101.924		
101.957		
101.991		
102.024		
102.058		
102.091		
102.125		
102.158		
102.191		
102.225		
102.258		
102.292		
102.325		
102.359	127.3	37.62
102.392		
102.426		
102.459		
102.493		
102.526		
102.559		
102.593		
102.626		
102.660		
102.693		
102.727		
102.760		
102.794		
102.827		
102.860		
102.894		
102.927		
102.961		
102.994		
103.028		
103.061		
103.095		
103.128		
103.162		
103.195		
103.228		
103.262		
103.295		
103.329		
103.362	129.7	39.56
103.396		
103.429		
103.463		
103.496		
103.530		
103.563		
103.596		
103.630		
103.663		
103.697		
103.730		
103.764		
103.797		
103.831		
103.864		
103.897		
103.931		
103.964		
103.998		
104.031		
104.065		
104.098		
104.132		
104.165		
104.199		
104.232		
104.265		
104.299		
104.332		
104.366	130.2	40.55
104.399		
104.433		
104.466		
104.500		
104.533		
104.566		
104.600		
104.633		
104.667		
104.700		
104.734		
104.767		
104.801		
104.834		
104.868		
104.901		
104.934		
104.968		
105.001		
105.035		
105.068		
105.102		
105.135		
105.169		
105.202		
105.235		
105.269		
105.302		
105.336		
105.369	130.5	40.62
105.403		
105.436		
105.470		
105.503		
105.537		
105.570		
105.603		
105.637		
105.670		
105.704		
105.737		
105.771		
105.804		
105.838		
105.871		
105.905		
105.938		
105.971		
106.005		
106.038		
106.072		
106.105		
106.139		
106.172		
106.206		
106.239		
106.272		
106.306		
106.339		
106.373	131.0	40.54
106.406		
106.440		
106.473		
106.507		
106.540		
106.574		
106.607		
106.640		
106.674		
106.707		
106.741		
106.774		
106.808		
106.841		
106.875		
106.908		
106.941		
106.975		
107.008		
107.042		
107.075		
107.109		
107.142		
107.176		
107.209		
107.243		
107.276		
107.309		
107.343		
107.376	132.3	41.36
107.410		
107.443		
107.477		
107.510		
107.544		
107.577		
107.610		
107.644		
107.677		
107.711		
107.744		
107.778		
107.811		
107.845		
107.878		
107.912		
107.945		
107.978		
108.012		
108.045		
108.079		
108.112		
108.146		
108.179		
108.213		
108.246		
108.279		
108.313		
108.346		
108.380	132.6	41.44
108.413		
108.447		
108.480		
108.514		
108.547		
108.581		
108.614		
108.647		
108.681		
108.714		
108.748		
108.781		
108.815		
108.848		
108.882		
108.915		
108.949		
108.982		
109.015		
109.049		
109.082		
109.116		
109.149		
109.183		
109.216		
109.250		
109.283		
109.316		
109.350		
109.383	132.5	41.33
109.417		
109.450		
109.484		
109.517		
109.551		
109.584		
109.618		
109.651		
109.684		
109.718		
109.751		
109.785		
109.818		
109.852		
109.885		
109.919		
109.952		
109.985		
110.019		
110.052		
110.086		
110.119		
110.153		
110.186		
110.220		
110.253		
110.287		
110.320		
110.353		
110.387	133.0	41.32
110.420		
110.454		
110.487		
110.521		
110.554		
110.588		
110.621		
110.654		
110.688		
110.721		
110.755		
110.788		
110.822		
110.855		
110.889		
110.922		
110.956		
110.989		
111.022		
111.056		
111.089		
111.123		
111.156		
111.190		
111.223		
111.257		
111.290		
111.323		
111.357		
111.390	133.2	41.41
111.424		
111.457		
111.491		
111.524		
111.558		
111.591		
111.625		
111.658		
111.691		
111.725		
111.758		
111.792		
111.825		
111.859		
111.892		
111.926		
111.959		
111.993		
112.026		
112.059		
112.093		
112.126		
112.160		
112.193		
112.227		
112.260		
112.294		
112.327		
112.360		
112.394	133.2	39.73
112.427		
112.461		
112.494		
112.528		
112.561		
112.595		
112.628		
112.662		
112.695		
112.728		
112.762		
112.795		
112.829		
112.862		
112.896		
112.929		
112.963		
112.996		
113.029		
113.063		
113.096		
113.130		
113.163		
113.197		
113.230		
113.264		
113.297		
113.331		
113.364		
113.397	132.8	38.58
113.431		
113.464		
113.498		
113.531		
113.565		
113.598		
113.632		
113.665		
113.698		
113.732		
113.765		
113.799		
113.832		
113.866		
113.899		
113.933		
113.966		
114.000		
114.033		
114.066		
114.100		
114.133		
114.167		
114.200		
114.234		
114.267		
114.301		
114.334		
114.367		
114.401	132.8	38.57
114.434		
114.468		
114.501		
114.535		
114.568		
114.602		
114.635		
114.669		
114.702		
114.735		
114.769		
114.802		
114.836		
114.869		
114.903		
114.936		
114.970		
115.003		
115.037		
115.070		
115.103		
115.137		
115.170		
115.204		
115.237		
115.271		
115.304		
115.338		
115.371		
115.404	132.2	38.47
115.438		
115.471		
115.505		
115.538		
115.572		
115.605		
115.639		
115.672		
115.706		
115.739		
115.772		
115.806		
115.839		
115.873		
115.906		
115.940		
115.973		
116.007		
116.040		
116.073		
116.107		
116.140		
116.174		
116.207		
116.241		
116.274		
116.308		
116.341		
116.375		
116.408	132.1	37.20
116.441		
116.475		
116.508		
116.542		
116.575		
116.609		
116.642		
116.676		
116.709		
116.742		
116.776		
116.809		
116.843		
116.876		
116.910		
116.943		
116.977		
117.010		
117.044		
117.077		
117.110		
117.144		
117.177		
117.211		
117.244		
117.278		
117.311		
117.345		
117.378		
117.411	133.4	36.73
117.445		
117.478		
117.512		
117.545		
117.579		
117.612		
117.646		
117.679		
117.713		
117.746		
117.779		
117.813		
117.846		
117.880		
117.913		
117.947		
117.980		
118.014		
118.047		
118.081		
118.114		
118.147		
118.181		
118.214		
118.248		
118.281		
118.315		
118.348		
118.382		
118.415	133.6	36.67
118.448		
118.482		
118.515		
118.549		
118.582		
118.616		
118.649		
118.683		
118.716		
118.750		
118.783		
118.816		
118.850		
118.883		
118.917		
118.950		
118.984		
119.017		
119.051		
119.084		
119.117		
119.151		
119.184		
119.218		
119.251		
119.285		
119.318		
119.352		
119.385		
119.419	133.5	37.14
119.452		
119.485		
119.519		
119.552		
119.586		
119.619		
119.653		
119.686		
119.720		
119.753		
119.786		
119.820		
119.853		
119.887		
119.920		
119.954		
119.987		
120.021		
120.054		
120.088		
120.121		
120.154		
120.188		
120.221		
120.255		
120.288		
120.322		
120.355		
120.389		
120.422	133.5	36.82
120.455		
120.489		
120.522		
120.556		
120.589		
120.623		
120.656		
120.690		
120.723		
120.757		
120.790		
120.823		
120.857		
120.890		
120.924		
120.957		
120.991		
121.024		
121.058		
121.091		
121.125		
121.158		
121.191		
121.225		
121.258		
121.292		
121.325		
121.359		
121.392		
121.426	133.5	35.70
121.459		
121.492		
121.526		
121.559		
121.593		
121.626		
121.660		
121.693		
121.727		
121.760		
121.794		
121.827		
121.860		
121.894		
121.927		
121.961		
121.994		
122.028		
122.061		
122.095		
122.128		
122.161		
122.195		
122.228		
122.262		
122.295		
122.329		
122.362		
122.396		
122.429	133.9	35.88
122.463		
122.496		
122.529		
122.563		
122.596		
122.630		
122.663		
122.697		
122.730		
122.764		
122.797		
122.830		
122.864		
122.897		
122.931		
122.964		
122.998		
123.031		
123.065		
123.098		
123.132		
123.165		
123.198		
123.232		
123.265		
123.299		
123.332		
123.366		
123.399		
123.433	134.4	35.51
123.466		
123.499		
123.533		
123.566		
123.600		
123.633		
123.667		
123.700		
123.734		
123.767		
123.801		
123.834		
123.867		
123.901		
123.934		
123.968		
124.001		
124.035		
124.068		
124.102		
124.135		
124.169		
124.202		
124.235		
124.269		
124.302		
124.336		
124.369		
124.403		
124.436	135.3	35.96
124.470		
124.503		
124.536		
124.570		
124.603		
124.637		
124.670		
124.704		
124.737		
124.771		
124.804		
124.838		
124.871		
124.904		
124.938		
124.971		
125.005		
125.038		
125.072		
125.105		
125.139		
125.172		
125.205		
125.239		
125.272		
125.306		
125.339		
125.373		
125.406		
125.440	134.8	36.03
125.473		
125.507		
125.540		
125.573		
125.607		
125.640		
125.674		
125.707		
125.741		
125.774		
125.808		
125.841		
125.874		
125.908		
125.941		
125.975		
126.008		
126.042		
126.075		
126.109		
126.142		
126.176		
126.209		
126.242		
126.276		
126.309		
126.343		
126.376		
126.410		
126.443	135.0	36.21
126.477		
126.510		
126.544		
126.577		
126.610		
126.644		
126.677		
126.711		
126.744		
126.778		
126.811		
126.845		
126.878		
126.911		
126.945		
126.978		
127.012		
127.045		
127.079		
127.112		
127.146		
127.179		
127.213		
127.246		
127.279		
127.313		
127.346		
127.380		
127.413		
127.447	134.3	37.49
