	质量 M		
t	x	y	
0.000	157.1	-10.51
0.033		
0.067		
0.100		
0.134		
0.167		
0.201		
0.234		
0.268		
0.301		
0.335		
0.368		
0.402		
0.435		
0.469		
0.502		
0.536		
0.569		
0.603		
0.636		
0.670		
0.703		
0.737		
0.770		
0.804		
0.837		
0.871		
0.904		
0.938		
0.971		
1.005	157.1	-10.56
1.038		
1.072		
1.105		
1.139		
1.172		
1.206		
1.239		
1.273		
1.306		
1.340		
1.373		
1.407		
1.440		
1.474		
1.507		
1.541		
1.574		
1.608		
1.641		
1.675		
1.708		
1.741		
1.775		
1.808		
1.842		
1.875		
1.909		
1.942		
1.976		
2.009	156.3	-11.88
2.043		
2.076		
2.110		
2.143		
2.177		
2.210		
2.244		
2.277		
2.311		
2.344		
2.378		
2.411		
2.445		
2.478		
2.512		
2.545		
2.579		
2.612		
2.646		
2.679		
2.713		
2.746		
2.780		
2.813		
2.847		
2.880		
2.914		
2.947		
2.981		
3.014	155.7	-12.23
3.048		
3.081		
3.115		
3.148		
3.182		
3.215		
3.249		
3.282		
3.316		
3.349		
3.382		
3.416		
3.449		
3.483		
3.516		
3.550		
3.583		
3.617		
3.650		
3.684		
3.717		
3.751		
3.784		
3.818		
3.851		
3.885		
3.918		
3.952		
3.985		
4.019	157.2	-12.02
4.052		
4.086		
4.119		
4.153		
4.186		
4.220		
4.253		
4.287		
4.320		
4.354		
4.387		
4.421		
4.454		
4.488		
4.521		
4.555		
4.588		
4.622		
4.655		
4.689		
4.722		
4.756		
4.789		
4.823		
4.856		
4.890		
4.923		
4.957		
4.990		
5.024	157.6	-11.63
5.057		
5.090		
5.124		
5.157		
5.191		
5.224		
5.258		
5.291		
5.325		
5.358		
5.392		
5.425		
5.459		
5.492		
5.526		
5.559		
5.593		
5.626		
5.660		
5.693		
5.727		
5.760		
5.794		
5.827		
5.861		
5.894		
5.928		
5.961		
5.995		
6.028	157.6	-11.63
6.062		
6.095		
6.129		
6.162		
6.196		
6.229		
6.263		
6.296		
6.330		
6.363		
6.397		
6.430		
6.464		
6.497		
6.531		
6.564		
6.598		
6.631		
6.665		
6.698		
6.732		
6.765		
6.798		
6.832		
6.865		
6.899		
6.932		
6.966		
6.999		
7.033	157.8	-11.14
7.066		
7.100		
7.133		
7.167		
7.200		
7.234		
7.267		
7.301		
7.334		
7.368		
7.401		
7.435		
7.468		
7.502		
7.535		
7.569		
7.602		
7.636		
7.669		
7.703		
7.736		
7.770		
7.803		
7.837		
7.870		
7.904		
7.937		
7.971		
8.004		
8.038	158.0	-11.91
8.071		
8.105		
8.138		
8.172		
8.205		
8.239		
8.272		
8.306		
8.339		
8.373		
8.406		
8.439		
8.473		
8.506		
8.540		
8.573		
8.607		
8.640		
8.674		
8.707		
8.741		
8.774		
8.808		
8.841		
8.875		
8.908		
8.942		
8.975		
9.009		
9.042	157.3	-10.71
9.076		
9.109		
9.143		
9.176		
9.210		
9.243		
9.277		
9.310		
9.344		
9.377		
9.411		
9.444		
9.478		
9.511		
9.545		
9.578		
9.612		
9.645		
9.679		
9.712		
9.746		
9.779		
9.813		
9.846		
9.880		
9.913		
9.947		
9.980		
10.014		
10.047	157.0	-11.31
10.081		
10.114		
10.147		
10.181		
10.214		
10.248		
10.281		
10.315		
10.348		
10.382		
10.415		
10.449		
10.482		
10.516		
10.549		
10.583		
10.616		
10.650		
10.683		
10.717		
10.750		
10.784		
10.817		
10.851		
10.884		
10.918		
10.951		
10.985		
11.018		
11.052	157.0	-10.23
11.085		
11.119		
11.152		
11.186		
11.219		
11.253		
11.286		
11.320		
11.353		
11.387		
11.420		
11.454		
11.487		
11.521		
11.554		
11.588		
11.621		
11.655		
11.688		
11.722		
11.755		
11.789		
11.822		
11.855		
11.889		
11.922		
11.956		
11.989		
12.023		
12.056	157.1	-10.23
12.090		
12.123		
12.157		
12.190		
12.224		
12.257		
12.291		
12.324		
12.358		
12.391		
12.425		
12.458		
12.492		
12.525		
12.559		
12.592		
12.626		
12.659		
12.693		
12.726		
12.760		
12.793		
12.827		
12.860		
12.894		
12.927		
12.961		
12.994		
13.028		
13.061	156.3	-9.848
13.095		
13.128		
13.162		
13.195		
13.229		
13.262		
13.296		
13.329		
13.363		
13.396		
13.430		
13.463		
13.496		
13.530		
13.563		
13.597		
13.630		
13.664		
13.697		
13.731		
13.764		
13.798		
13.831		
13.865		
13.898		
13.932		
13.965		
13.999		
14.032		
14.066	157.4	-9.420
14.099		
14.133		
14.166		
14.200		
14.233		
14.267		
14.300		
14.334		
14.367		
14.401		
14.434		
14.468		
14.501		
14.535		
14.568		
14.602		
14.635		
14.669		
14.702		
14.736		
14.769		
14.803		
14.836		
14.870		
14.903		
14.937		
14.970		
15.004		
15.037		
15.071	158.0	-7.928
15.104		
15.138		
15.171		
15.204		
15.238		
15.271		
15.305		
15.338		
15.372		
15.405		
15.439		
15.472		
15.506		
15.539		
15.573		
15.606		
15.640		
15.673		
15.707		
15.740		
15.774		
15.807		
15.841		
15.874		
15.908		
15.941		
15.975		
16.008		
16.042		
16.075	158.1	-8.854
16.109		
16.142		
16.176		
16.209		
16.243		
16.276		
16.310		
16.343		
16.377		
16.410		
16.444		
16.477		
16.511		
16.544		
16.578		
16.611		
16.645		
16.678		
16.712		
16.745		
16.779		
16.812		
16.846		
16.879		
16.912		
16.946		
16.979		
17.013		
17.046		
17.080	159.0	-9.034
17.113		
17.147		
17.180		
17.214		
17.247		
17.281		
17.314		
17.348		
17.381		
17.415		
17.448		
17.482		
17.515		
17.549		
17.582		
17.616		
17.649		
17.683		
17.716		
17.750		
17.783		
17.817		
17.850		
17.884		
17.917		
17.951		
17.984		
18.018		
18.051		
18.085	159.0	-8.870
18.118		
18.152		
18.185		
18.219		
18.252		
18.286		
18.319		
18.353		
18.386		
18.420		
18.453		
18.487		
18.520		
18.553		
18.587		
18.620		
18.654		
18.687		
18.721		
18.754		
18.788		
18.821		
18.855		
18.888		
18.922		
18.955		
18.989		
19.022		
19.056		
19.089	158.6	-9.725
19.123		
19.156		
19.190		
19.223		
19.257		
19.290		
19.324		
19.357		
19.391		
19.424		
19.458		
19.491		
19.525		
19.558		
19.592		
19.625		
19.659		
19.692		
19.726		
19.759		
19.793		
19.826		
19.860		
19.893		
19.927		
19.960		
19.994		
20.027		
20.061		
20.094	158.4	-10.32
20.128		
20.161		
20.195		
20.228		
20.261		
20.295		
20.328		
20.362		
20.395		
20.429		
20.462		
20.496		
20.529		
20.563		
20.596		
20.630		
20.663		
20.697		
20.730		
20.764		
20.797		
20.831		
20.864		
20.898		
20.931		
20.965		
20.998		
21.032		
21.065		
21.099	158.2	-10.48
21.132		
21.166		
21.199		
21.233		
21.266		
21.300		
21.333		
21.367		
21.400		
21.434		
21.467		
21.501		
21.534		
21.568		
21.601		
21.635		
21.668		
21.702		
21.735		
21.769		
21.802		
21.836		
21.869		
21.903		
21.936		
21.969		
22.003		
22.036		
22.070		
22.103	158.0	-9.735
22.137		
22.170		
22.204		
22.237		
22.271		
22.304		
22.338		
22.371		
22.405		
22.438		
22.472		
22.505		
22.539		
22.572		
22.606		
22.639		
22.673		
22.706		
22.740		
22.773		
22.807		
22.840		
22.874		
22.907		
22.941		
22.974		
23.008		
23.041		
23.075		
23.108	158.3	-8.923
23.142		
23.175		
23.209		
23.242		
23.276		
23.309		
23.343		
23.376		
23.410		
23.443		
23.477		
23.510		
23.544		
23.577		
23.610		
23.644		
23.677		
23.711		
23.744		
23.778		
23.811		
23.845		
23.878		
23.912		
23.945		
23.979		
24.012		
24.046		
24.079		
24.113	158.1	-8.906
24.146		
24.180		
24.213		
24.247		
24.280		
24.314		
24.347		
24.381		
24.414		
24.448		
24.481		
24.515		
24.548		
24.582		
24.615		
24.649		
24.682		
24.716		
24.749		
24.783		
24.816		
24.850		
24.883		
24.917		
24.950		
24.984		
25.017		
25.051		
25.084		
25.118	157.7	-9.027
25.151		
25.185		
25.218		
25.252		
25.285		
25.318		
25.352		
25.385		
25.419		
25.452		
25.486		
25.519		
25.553		
25.586		
25.620		
25.653		
25.687		
25.720		
25.754		
25.787		
25.821		
25.854		
25.888		
25.921		
25.955		
25.988		
26.022		
26.055		
26.089		
26.122	158.4	-9.654
26.156		
26.189		
26.223		
26.256		
26.290		
26.323		
26.357		
26.390		
26.424		
26.457		
26.491		
26.524		
26.558		
26.591		
26.625		
26.658		
26.692		
26.725		
26.759		
26.792		
26.826		
26.859		
26.893		
26.926		
26.960		
26.993		
27.026		
27.060		
27.093		
27.127	160.1	-9.330
27.160		
27.194		
27.227		
27.261		
27.294		
27.328		
27.361		
27.395		
27.428		
27.462		
27.495		
27.529		
27.562		
27.596		
27.629		
27.663		
27.696		
27.730		
27.763		
27.797		
27.830		
27.864		
27.897		
27.931		
27.964		
27.998		
28.031		
28.065		
28.098		
28.132	159.9	-8.377
28.165		
28.199		
28.232		
28.266		
28.299		
28.333		
28.366		
28.400		
28.433		
28.467		
28.500		
28.534		
28.567		
28.601		
28.634		
28.667		
28.701		
28.734		
28.768		
28.801		
28.835		
28.868		
28.902		
28.935		
28.969		
29.002		
29.036		
29.069		
29.103		
29.136	159.5	-7.714
29.170		
29.203		
29.237		
29.270		
29.304		
29.337		
29.371		
29.404		
29.438		
29.471		
29.505		
29.538		
29.572		
29.605		
29.639		
29.672		
29.706		
29.739		
29.773		
29.806		
29.840		
29.873		
29.907		
29.940		
29.974		
30.007		
30.041		
30.074		
30.108		
30.141	159.4	-7.302
30.175		
30.208		
30.242		
30.275		
30.309		
30.342		
30.375		
30.409		
30.442		
30.476		
30.509		
30.543		
30.576		
30.610		
30.643		
30.677		
30.710		
30.744		
30.777		
30.811		
30.844		
30.878		
30.911		
30.945		
30.978		
31.012		
31.045		
31.079		
31.112		
31.146	157.6	-5.752
31.179		
31.213		
31.246		
31.280		
31.313		
31.347		
31.380		
31.414		
31.447		
31.481		
31.514		
31.548		
31.581		
31.615		
31.648		
31.682		
31.715		
31.749		
31.782		
31.816		
31.849		
31.883		
31.916		
31.950		
31.983		
32.017		
32.050		
32.083		
32.117		
32.150	159.0	-6.153
32.184		
32.217		
32.251		
32.284		
32.318		
32.351		
32.385		
32.418		
32.452		
32.485		
32.519		
32.552		
32.586		
32.619		
32.653		
32.686		
32.720		
32.753		
32.787		
32.820		
32.854		
32.887		
32.921		
32.954		
32.988		
33.021		
33.055		
33.088		
33.122		
33.155	159.0	-6.055
33.189		
33.222		
33.256		
33.289		
33.323		
33.356		
33.390		
33.423		
33.457		
33.490		
33.524		
33.557		
33.591		
33.624		
33.658		
33.691		
33.724		
33.758		
33.791		
33.825		
33.858		
33.892		
33.925		
33.959		
33.992		
34.026		
34.059		
34.093		
34.126		
34.160	158.3	-6.664
34.193		
34.227		
34.260		
34.294		
34.327		
34.361		
34.394		
34.428		
34.461		
34.495		
34.528		
34.562		
34.595		
34.629		
34.662		
34.696		
34.729		
34.763		
34.796		
34.830		
34.863		
34.897		
34.930		
34.964		
34.997		
35.031		
35.064		
35.098		
35.131		
35.165	158.6	-6.585
35.198		
35.232		
35.265		
35.299		
35.332		
35.366		
35.399		
35.432		
35.466		
35.499		
35.533		
35.566		
35.600		
35.633		
35.667		
35.700		
35.734		
35.767		
35.801		
35.834		
35.868		
35.901		
35.935		
35.968		
36.002		
36.035		
36.069		
36.102		
36.136		
36.169	158.4	-6.646
36.203		
36.236		
36.270		
36.303		
36.337		
36.370		
36.404		
36.437		
36.471		
36.504		
36.538		
36.571		
36.605		
36.638		
36.672		
36.705		
36.739		
36.772		
36.806		
36.839		
36.873		
36.906		
36.940		
36.973		
37.007		
37.040		
37.074		
37.107		
37.140		
37.174	156.9	-6.434
37.207		
37.241		
37.274		
37.308		
37.341		
37.375		
37.408		
37.442		
37.475		
37.509		
37.542		
37.576		
37.609		
37.643		
37.676		
37.710		
37.743		
37.777		
37.810		
37.844		
37.877		
37.911		
37.944		
37.978		
38.011		
38.045		
38.078		
38.112		
38.145		
38.179	156.1	-7.286
38.212		
38.246		
38.279		
38.313		
38.346		
38.380		
38.413		
38.447		
38.480		
38.514		
38.547		
38.581		
38.614		
38.648		
38.681		
38.715		
38.748		
38.781		
38.815		
38.848		
38.882		
38.915		
38.949		
38.982		
39.016		
39.049		
39.083		
39.116		
39.150		
39.183	156.2	-6.852
39.217		
39.250		
39.284		
39.317		
39.351		
39.384		
39.418		
39.451		
39.485		
39.518		
39.552		
39.585		
39.619		
39.652		
39.686		
39.719		
39.753		
39.786		
39.820		
39.853		
39.887		
39.920		
39.954		
39.987		
40.021		
40.054		
40.088		
40.121		
40.155		
40.188	157.0	-7.273
40.222		
40.255		
40.289		
40.322		
40.356		
40.389		
40.423		
40.456		
40.489		
40.523		
40.556		
40.590		
40.623		
40.657		
40.690		
40.724		
40.757		
40.791		
40.824		
40.858		
40.891		
40.925		
40.958		
40.992		
41.025		
41.059		
41.092		
41.126		
41.159		
41.193	157.6	-6.815
41.226		
41.260		
41.293		
41.327		
41.360		
41.394		
41.427		
41.461		
41.494		
41.528		
41.561		
41.595		
41.628		
41.662		
41.695		
41.729		
41.762		
41.796		
41.829		
41.863		
41.896		
41.930		
41.963		
41.997		
42.030		
42.064		
42.097		
42.130		
42.164		
42.197	157.6	-6.530
42.231		
42.264		
42.298		
42.331		
42.365		
42.398		
42.432		
42.465		
42.499		
42.532		
42.566		
42.599		
42.633		
42.666		
42.700		
42.733		
42.767		
42.800		
42.834		
42.867		
42.901		
42.934		
42.968		
43.001		
43.035		
43.068		
43.102		
43.135		
43.169		
43.202	158.4	-6.648
43.236		
43.269		
43.303		
43.336		
43.370		
43.403		
43.437		
43.470		
43.504		
43.537		
43.571		
43.604		
43.638		
43.671		
43.705		
43.738		
43.772		
43.805		
43.838		
43.872		
43.905		
43.939		
43.972		
44.006		
44.039		
44.073		
44.106		
44.140		
44.173		
44.207	158.9	-7.209
44.240		
44.274		
44.307		
44.341		
44.374		
44.408		
44.441		
44.475		
44.508		
44.542		
44.575		
44.609		
44.642		
44.676		
44.709		
44.743		
44.776		
44.810		
44.843		
44.877		
44.910		
44.944		
44.977		
45.011		
45.044		
45.078		
45.111		
45.145		
45.178		
45.212	158.8	-6.079
45.245		
45.279		
45.312		
45.346		
45.379		
45.413		
45.446		
45.480		
45.513		
45.546		
45.580		
45.613		
45.647		
45.680		
45.714		
45.747		
45.781		
45.814		
45.848		
45.881		
45.915		
45.948		
45.982		
46.015		
46.049		
46.082		
46.116		
46.149		
46.183		
46.216	159.3	-5.542
46.250		
46.283		
46.317		
46.350		
46.384		
46.417		
46.451		
46.484		
46.518		
46.551		
46.585		
46.618		
46.652		
46.685		
46.719		
46.752		
46.786		
46.819		
46.853		
46.886		
46.920		
46.953		
46.987		
47.020		
47.054		
47.087		
47.121		
47.154		
47.187		
47.221	158.8	-5.709
47.254		
47.288		
47.321		
47.355		
47.388		
47.422		
47.455		
47.489		
47.522		
47.556		
47.589		
47.623		
47.656		
47.690		
47.723		
47.757		
47.790		
47.824		
47.857		
47.891		
47.924		
47.958		
47.991		
48.025		
48.058		
48.092		
48.125		
48.159		
48.192		
48.226	158.9	-5.783
48.259		
48.293		
48.326		
48.360		
48.393		
48.427		
48.460		
48.494		
48.527		
48.561		
48.594		
48.628		
48.661		
48.695		
48.728		
48.762		
48.795		
48.829		
48.862		
48.895		
48.929		
48.962		
48.996		
49.029		
49.063		
49.096		
49.130		
49.163		
49.197		
49.230	160.4	-4.582
49.264		
49.297		
49.331		
49.364		
49.398		
49.431		
49.465		
49.498		
49.532		
49.565		
49.599		
49.632		
49.666		
49.699		
49.733		
49.766		
49.800		
49.833		
49.867		
49.900		
49.934		
49.967		
50.001		
50.034		
50.068		
50.101		
50.135		
50.168		
50.202		
50.235	160.2	-4.576
50.269		
50.302		
50.336		
50.369		
50.403		
50.436		
50.470		
50.503		
50.537		
50.570		
50.603		
50.637		
50.670		
50.704		
50.737		
50.771		
50.804		
50.838		
50.871		
50.905		
50.938		
50.972		
51.005		
51.039		
51.072		
51.106		
51.139		
51.173		
51.206		
51.240	158.9	-5.879
51.273		
51.307		
51.340		
51.374		
51.407		
51.441		
51.474		
51.508		
51.541		
51.575		
51.608		
51.642		
51.675		
51.709		
51.742		
51.776		
51.809		
51.843		
51.876		
51.910		
51.943		
51.977		
52.010		
52.044		
52.077		
52.111		
52.144		
52.178		
52.211		
52.244	158.4	-5.639
52.278		
52.311		
52.345		
52.378		
52.412		
52.445		
52.479		
52.512		
52.546		
52.579		
52.613		
52.646		
52.680		
52.713		
52.747		
52.780		
52.814		
52.847		
52.881		
52.914		
52.948		
52.981		
53.015		
53.048		
53.082		
53.115		
53.149		
53.182		
53.216		
53.249	158.2	-7.200
53.283		
53.316		
53.350		
53.383		
53.417		
53.450		
53.484		
53.517		
53.551		
53.584		
53.618		
53.651		
53.685		
53.718		
53.752		
53.785		
53.819		
53.852		
53.886		
53.919		
53.952		
53.986		
54.019		
54.053		
54.086		
54.120		
54.153		
54.187		
54.220		
54.254	158.2	-7.259
54.287		
54.321		
54.354		
54.388		
54.421		
54.455		
54.488		
54.522		
54.555		
54.589		
54.622		
54.656		
54.689		
54.723		
54.756		
54.790		
54.823		
54.857		
54.890		
54.924		
54.957		
54.991		
55.024		
55.058		
55.091		
55.125		
55.158		
55.192		
55.225		
55.259	159.8	-6.310
55.292		
55.326		
55.359		
55.393		
55.426		
55.460		
55.493		
55.527		
55.560		
55.594		
55.627		
55.660		
55.694		
55.727		
55.761		
55.794		
55.828		
55.861		
55.895		
55.928		
55.962		
55.995		
56.029		
56.062		
56.096		
56.129		
56.163		
56.196		
56.230		
56.263	159.9	-4.767
56.297		
56.330		
56.364		
56.397		
56.431		
56.464		
56.498		
56.531		
56.565		
56.598		
56.632		
56.665		
56.699		
56.732		
56.766		
56.799		
56.833		
56.866		
56.900		
56.933		
56.967		
57.000		
57.034		
57.067		
57.101		
57.134		
57.168		
57.201		
57.235		
57.268	158.5	-4.923
57.301		
57.335		
57.368		
57.402		
57.435		
57.469		
57.502		
57.536		
57.569		
57.603		
57.636		
57.670		
57.703		
57.737		
57.770		
57.804		
57.837		
57.871		
57.904		
57.938		
57.971		
58.005		
58.038		
58.072		
58.105		
58.139		
58.172		
58.206		
58.239		
58.273	158.3	-4.680
58.306		
58.340		
58.373		
58.407		
58.440		
58.474		
58.507		
58.541		
58.574		
58.608		
58.641		
58.675		
58.708		
58.742		
58.775		
58.809		
58.842		
58.876		
58.909		
58.943		
58.976		
59.009		
59.043		
59.076		
59.110		
59.143		
59.177		
59.210		
59.244		
59.277	158.8	-4.019
59.311		
59.344		
59.378		
59.411		
59.445		
59.478		
59.512		
59.545		
59.579		
59.612		
59.646		
59.679		
59.713		
59.746		
59.780		
59.813		
59.847		
59.880		
59.914		
59.947		
59.981		
60.014		
60.048		
60.081		
60.115		
60.148		
60.182		
60.215		
60.249		
60.282	158.8	-3.962
60.316		
60.349		
60.383		
60.416		
60.450		
60.483		
60.517		
60.550		
60.584		
60.617		
60.651		
60.684		
60.717		
60.751		
60.784		
60.818		
60.851		
60.885		
60.918		
60.952		
60.985		
61.019		
61.052		
61.086		
61.119		
61.153		
61.186		
61.220		
61.253		
61.287	158.5	-2.858
61.320		
61.354		
61.387		
61.421		
61.454		
61.488		
61.521		
61.555		
61.588		
61.622		
61.655		
61.689		
61.722		
61.756		
61.789		
61.823		
61.856		
61.890		
61.923		
61.957		
61.990		
62.024		
62.057		
62.091		
62.124		
62.158		
62.191		
62.225		
62.258		
62.292	157.4	-2.917
62.325		
62.358		
62.392		
62.425		
62.459		
62.492		
62.526		
62.559		
62.593		
62.626		
62.660		
62.693		
62.727		
62.760		
62.794		
62.827		
62.861		
62.894		
62.928		
62.961		
62.995		
63.028		
63.062		
63.095		
63.129		
63.162		
63.196		
63.229		
63.263		
63.296	157.0	-2.472
63.330		
63.363		
63.397		
63.430		
63.464		
63.497		
63.531		
63.564		
63.598		
63.631		
63.665		
63.698		
63.732		
63.765		
63.799		
63.832		
63.866		
63.899		
63.933		
63.966		
64.000		
64.033		
64.066		
64.100		
64.133		
64.167		
64.200		
64.234		
64.267		
64.301	156.8	-1.134
64.334		
64.368		
64.401		
64.435		
64.468		
64.502		
64.535		
64.569		
64.602		
64.636		
64.669		
64.703		
64.736		
64.770		
64.803		
64.837		
64.870		
64.904		
64.937		
64.971		
65.004		
65.038		
65.071		
65.105		
65.138		
65.172		
65.205		
65.239		
65.272		
65.306	156.6	0.822
65.339		
65.373		
65.406		
65.440		
65.473		
65.507		
65.540		
65.574		
65.607		
65.641		
65.674		
65.708		
65.741		
65.774		
65.808		
65.841		
65.875		
65.908		
65.942		
65.975		
66.009		
66.042		
66.076		
66.109		
66.143		
66.176		
66.210		
66.243		
66.277		
66.310	156.6	0.839
66.344		
66.377		
66.411		
66.444		
66.478		
66.511		
66.545		
66.578		
66.612		
66.645		
66.679		
66.712		
66.746		
66.779		
66.813		
66.846		
66.880		
66.913		
66.947		
66.980		
67.014		
67.047		
67.081		
67.114		
67.148		
67.181		
67.215		
67.248		
67.282		
67.315	157.4	0.906
67.349		
67.382		
67.415		
67.449		
67.482		
67.516		
67.549		
67.583		
67.616		
67.650		
67.683		
67.717		
67.750		
67.784		
67.817		
67.851		
67.884		
67.918		
67.951		
67.985		
68.018		
68.052		
68.085		
68.119		
68.152		
68.186		
68.219		
68.253		
68.286		
68.320	157.7	0.852
68.353		
68.387		
68.420		
68.454		
68.487		
68.521		
68.554		
68.588		
68.621		
68.655		
68.688		
68.722		
68.755		
68.789		
68.822		
68.856		
68.889		
68.923		
68.956		
68.990		
69.023		
69.057		
69.090		
69.123		
69.157		
69.190		
69.224		
69.257		
69.291		
69.324	157.9	1.748
69.358		
69.391		
69.425		
69.458		
69.492		
69.525		
69.559		
69.592		
69.626		
69.659		
69.693		
69.726		
69.760		
69.793		
69.827		
69.860		
69.894		
69.927		
69.961		
69.994		
70.028		
70.061		
70.095		
70.128		
70.162		
70.195		
70.229		
70.262		
70.296		
70.329	165.3	1.711
70.363		
70.396		
70.430		
70.463		
70.497		
70.530		
70.564		
70.597		
70.631		
70.664		
70.698		
70.731		
70.765		
70.798		
70.831		
70.865		
70.898		
70.932		
70.965		
70.999		
71.032		
71.066		
71.099		
71.133		
71.166		
71.200		
71.233		
71.267		
71.300		
71.334	157.0	1.704
71.367		
71.401		
71.434		
71.468		
71.501		
71.535		
71.568		
71.602		
71.635		
71.669		
71.702		
71.736		
71.769		
71.803		
71.836		
71.870		
71.903		
71.937		
71.970		
72.004		
72.037		
72.071		
72.104		
72.138		
72.171		
72.205		
72.238		
72.272		
72.305		
72.339	163.6	1.754
72.372		
72.406		
72.439		
72.472		
72.506		
72.539		
72.573		
72.606		
72.640		
72.673		
72.707		
72.740		
72.774		
72.807		
72.841		
72.874		
72.908		
72.941		
72.975		
73.008		
73.042		
73.075		
73.109		
73.142		
73.176		
73.209		
73.243		
73.276		
73.310		
73.343	153.9	1.705
73.377		
73.410		
73.444		
73.477		
73.511		
73.544		
73.578		
73.611		
73.645		
73.678		
73.712		
73.745		
73.779		
73.812		
73.846		
73.879		
73.913		
73.946		
73.980		
74.013		
74.047		
74.080		
74.114		
74.147		
74.180		
74.214		
74.247		
74.281		
74.314		
74.348	154.2	1.757
74.381		
74.415		
74.448		
74.482		
74.515		
74.549		
74.582		
74.616		
74.649		
74.683		
74.716		
74.750		
74.783		
74.817		
74.850		
74.884		
74.917		
74.951		
74.984		
75.018		
75.051		
75.085		
75.118		
75.152		
75.185		
75.219		
75.252		
75.286		
75.319		
75.353	158.6	1.234
75.386		
75.420		
75.453		
75.487		
75.520		
75.554		
75.587		
75.621		
75.654		
75.688		
75.721		
75.755		
75.788		
75.822		
75.855		
75.888		
75.922		
75.955		
75.989		
76.022		
76.056		
76.089		
76.123		
76.156		
76.190		
76.223		
76.257		
76.290		
76.324		
76.357	158.7	1.158
76.391		
76.424		
76.458		
76.491		
76.525		
76.558		
76.592		
76.625		
76.659		
76.692		
76.726		
76.759		
76.793		
76.826		
76.860		
76.893		
76.927		
76.960		
76.994		
77.027		
77.061		
77.094		
77.128		
77.161		
77.195		
77.228		
77.262		
77.295		
77.329		
77.362	159.0	1.206
77.396		
77.429		
77.463		
77.496		
77.529		
77.563		
77.596		
77.630		
77.663		
77.697		
77.730		
77.764		
77.797		
77.831		
77.864		
77.898		
77.931		
77.965		
77.998		
78.032		
78.065		
78.099		
78.132		
78.166		
78.199		
78.233		
78.266		
78.300		
78.333		
78.367	159.0	1.242
78.400		
78.434		
78.467		
78.501		
78.534		
78.568		
78.601		
78.635		
78.668		
78.702		
78.735		
78.769		
78.802		
78.836		
78.869		
78.903		
78.936		
78.970		
79.003		
79.037		
79.070		
79.104		
79.137		
79.171		
79.204		
79.237		
79.271		
79.304		
79.338		
79.371	159.5	1.293
79.405		
79.438		
79.472		
79.505		
79.539		
79.572		
79.606		
79.639		
79.673		
79.706		
79.740		
79.773		
79.807		
79.840		
79.874		
79.907		
79.941		
79.974		
80.008		
80.041		
80.075		
80.108		
80.142		
80.175		
80.209		
80.242		
80.276		
80.309		
80.343		
80.376	159.0	1.215
80.410		
80.443		
80.477		
80.510		
80.544		
80.577		
80.611		
80.644		
80.678		
80.711		
80.745		
80.778		
80.812		
80.845		
80.879		
80.912		
80.945		
80.979		
81.012		
81.046		
81.079		
81.113		
81.146		
81.180		
81.213		
81.247		
81.280		
81.314		
81.347		
81.381	159.7	0.592
81.414		
81.448		
81.481		
81.515		
81.548		
81.582		
81.615		
81.649		
81.682		
81.716		
81.749		
81.783		
81.816		
81.850		
81.883		
81.917		
81.950		
81.984		
82.017		
82.051		
82.084		
82.118		
82.151		
82.185		
82.218		
82.252		
82.285		
82.319		
82.352		
82.386	160.1	0.622
82.419		
82.453		
82.486		
82.520		
82.553		
82.586		
82.620		
82.653		
82.687		
82.720		
82.754		
82.787		
82.821		
82.854		
82.888		
82.921		
82.955		
82.988		
83.022		
83.055		
83.089		
83.122		
83.156		
83.189		
83.223		
83.256		
83.290		
83.323		
83.357		
83.390	160.1	2.334
83.424		
83.457		
83.491		
83.524		
83.558		
83.591		
83.625		
83.658		
83.692		
83.725		
83.759		
83.792		
83.826		
83.859		
83.893		
83.926		
83.960		
83.993		
84.027		
84.060		
84.094		
84.127		
84.161		
84.194		
84.228		
84.261		
84.294		
84.328		
84.361		
84.395	160.1	2.364
84.428		
84.462		
84.495		
84.529		
84.562		
84.596		
84.629		
84.663		
84.696		
84.730		
84.763		
84.797		
84.830		
84.864		
84.897		
84.931		
84.964		
84.998		
85.031		
85.065		
85.098		
85.132		
85.165		
85.199		
85.232		
85.266		
85.299		
85.333		
85.366		
85.400	159.8	0.835
85.433		
85.467		
85.500		
85.534		
85.567		
85.601		
85.634		
85.668		
85.701		
85.735		
85.768		
85.802		
85.835		
85.869		
85.902		
85.936		
85.969		
86.002		
86.036		
86.069		
86.103		
86.136		
86.170		
86.203		
86.237		
86.270		
86.304		
86.337		
86.371		
86.404	159.4	0.889
86.438		
86.471		
86.505		
86.538		
86.572		
86.605		
86.639		
86.672		
86.706		
86.739		
86.773		
86.806		
86.840		
86.873		
86.907		
86.940		
86.974		
87.007		
87.041		
87.074		
87.108		
87.141		
87.175		
87.208		
87.242		
87.275		
87.309		
87.342		
87.376		
87.409	159.0	0.781
87.443		
87.476		
87.510		
87.543		
87.577		
87.610		
87.643		
87.677		
87.710		
87.744		
87.777		
87.811		
87.844		
87.878		
87.911		
87.945		
87.978		
88.012		
88.045		
88.079		
88.112		
88.146		
88.179		
88.213		
88.246		
88.280		
88.313		
88.347		
88.380		
88.414	158.1	2.132
88.447		
88.481		
88.514		
88.548		
88.581		
88.615		
88.648		
88.682		
88.715		
88.749		
88.782		
88.816		
88.849		
88.883		
88.916		
88.950		
88.983		
89.017		
89.050		
89.084		
89.117		
89.151		
89.184		
89.218		
89.251		
89.285		
89.318		
89.351		
89.385		
89.418	156.6	2.221
89.452		
89.485		
89.519		
89.552		
89.586		
89.619		
89.653		
89.686		
89.720		
89.753		
89.787		
89.820		
89.854		
89.887		
89.921		
89.954		
89.988		
90.021		
90.055		
90.088		
90.122		
90.155		
90.189		
90.222		
90.256		
90.289		
90.323		
90.356		
90.390		
90.423	156.6	2.143
90.457		
90.490		
90.524		
90.557		
90.591		
90.624		
90.658		
90.691		
90.725		
90.758		
90.792		
90.825		
90.859		
90.892		
90.926		
90.959		
90.993		
91.026		
91.059		
91.093		
91.126		
91.160		
91.193		
91.227		
91.260		
91.294		
91.327		
91.361		
91.394		
91.428	156.9	3.298
91.461		
91.495		
91.528		
91.562		
91.595		
91.629		
91.662		
91.696		
91.729		
91.763		
91.796		
91.830		
91.863		
91.897		
91.930		
91.964		
91.997		
92.031		
92.064		
92.098		
92.131		
92.165		
92.198		
92.232		
92.265		
92.299		
92.332		
92.366		
92.399		
92.433	156.6	2.519
92.466		
92.500		
92.533		
92.567		
92.600		
92.634		
92.667		
92.700		
92.734		
92.767		
92.801		
92.834		
92.868		
92.901		
92.935		
92.968		
93.002		
93.035		
93.069		
93.102		
93.136		
93.169		
93.203		
93.236		
93.270		
93.303		
93.337		
93.370		
93.404		
93.437	156.7	1.743
93.471		
93.504		
93.538		
93.571		
93.605		
93.638		
93.672		
93.705		
93.739		
93.772		
93.806		
93.839		
93.873		
93.906		
93.940		
93.973		
94.007		
94.040		
94.074		
94.107		
94.141		
94.174		
94.208		
94.241		
94.275		
94.308		
94.342		
94.375		
94.408		
94.442	156.0	1.846
94.475		
94.509		
94.542		
94.576		
94.609		
94.643		
94.676		
94.710		
94.743		
94.777		
94.810		
94.844		
94.877		
94.911		
94.944		
94.978		
95.011		
95.045		
95.078		
95.112		
95.145		
95.179		
95.212		
95.246		
95.279		
95.313		
95.346		
95.380		
95.413		
95.447	156.5	1.718
95.480		
95.514		
95.547		
95.581		
95.614		
95.648		
95.681		
95.715		
95.748		
95.782		
95.815		
95.849		
95.882		
95.916		
95.949		
95.983		
96.016		
96.050		
96.083		
96.116		
96.150		
96.183		
96.217		
96.250		
96.284		
96.317		
96.351		
96.384		
96.418		
96.451	157.0	1.681
96.485		
96.518		
96.552		
96.585		
96.619		
96.652		
96.686		
96.719		
96.753		
96.786		
96.820		
96.853		
96.887		
96.920		
96.954		
96.987		
97.021		
97.054		
97.088		
97.121		
97.155		
97.188		
97.222		
97.255		
97.289		
97.322		
97.356		
97.389		
97.423		
97.456	158.5	1.837
97.490		
97.523		
97.557		
97.590		
97.624		
97.657		
97.691		
97.724		
97.757		
97.791		
97.824		
97.858		
97.891		
97.925		
97.958		
97.992		
98.025		
98.059		
98.092		
98.126		
98.159		
98.193		
98.226		
98.260		
98.293		
98.327		
98.360		
98.394		
98.427		
98.461	158.6	1.856
98.494		
98.528		
98.561		
98.595		
98.628		
98.662		
98.695		
98.729		
98.762		
98.796		
98.829		
98.863		
98.896		
98.930		
98.963		
98.997		
99.030		
99.064		
99.097		
99.131		
99.164		
99.198		
99.231		
99.265		
99.298		
99.332		
99.365		
99.399		
99.432		
99.465	158.0	1.483
99.499		
99.532		
99.566		
99.599		
99.633		
99.666		
99.700		
99.733		
99.767		
99.800		
99.834		
99.867		
99.901		
99.934		
99.968		
100.001		
100.035		
100.068		
100.102		
100.135		
100.169		
100.202		
100.236		
100.269		
100.303		
100.336		
100.370		
100.403		
100.437		
100.470	156.3	1.419
100.504		
100.537		
100.571		
100.604		
100.638		
100.671		
100.705		
100.738		
100.772		
100.805		
100.839		
100.872		
100.906		
100.939		
100.973		
101.006		
101.040		
101.073		
101.107		
101.140		
101.173		
101.207		
101.240		
101.274		
101.307		
101.341		
101.374		
101.408		
101.441		
101.475	156.7	0.640
101.508		
101.542		
101.575		
101.609		
101.642		
101.676		
101.709		
101.743		
101.776		
101.810		
101.843		
101.877		
101.910		
101.944		
101.977		
102.011		
102.044		
102.078		
102.111		
102.145		
102.178		
102.212		
102.245		
102.279		
102.312		
102.346		
102.379		
102.413		
102.446		
102.480	156.8	0.614
102.513		
102.547		
102.580		
102.614		
102.647		
102.681		
102.714		
102.748		
102.781		
102.814		
102.848		
102.881		
102.915		
102.948		
102.982		
103.015		
103.049		
103.082		
103.116		
103.149		
103.183		
103.216		
103.250		
103.283		
103.317		
103.350		
103.384		
103.417		
103.451		
103.484	157.2	-0.980
103.518		
103.551		
103.585		
103.618		
103.652		
103.685		
103.719		
103.752		
103.786		
103.819		
103.853		
103.886		
103.920		
103.953		
103.987		
104.020		
104.054		
104.087		
104.121		
104.154		
104.188		
104.221		
104.255		
104.288		
104.322		
104.355		
104.389		
104.422		
104.456		
104.489	156.4	-0.887
104.522		
104.556		
104.589		
104.623		
104.656		
104.690		
104.723		
104.757		
104.790		
104.824		
104.857		
104.891		
104.924		
104.958		
104.991		
105.025		
105.058		
105.092		
105.125		
105.159		
105.192		
105.226		
105.259		
105.293		
105.326		
105.360		
105.393		
105.427		
105.460		
105.494	156.3	-0.922
105.527		
105.561		
105.594		
105.628		
105.661		
105.695		
105.728		
105.762		
105.795		
105.829		
105.862		
105.896		
105.929		
105.963		
105.996		
106.030		
106.063		
106.097		
106.130		
106.164		
106.197		
106.230		
106.264		
106.297		
106.331		
106.364		
106.398		
106.431		
106.465		
106.498	155.8	-0.923
106.532		
106.565		
106.599		
106.632		
106.666		
106.699		
106.733		
106.766		
106.800		
106.833		
106.867		
106.900		
106.934		
106.967		
107.001		
107.034		
107.068		
107.101		
107.135		
107.168		
107.202		
107.235		
107.269		
107.302		
107.336		
107.369		
107.403		
107.436		
107.470		
107.503	155.9	-0.959
107.537		
107.570		
107.604		
107.637		
107.671		
107.704		
107.738		
107.771		
107.805		
107.838		
107.871		
107.905		
107.938		
107.972		
108.005		
108.039		
108.072		
108.106		
108.139		
108.173		
108.206		
108.240		
108.273		
108.307		
108.340		
108.374		
108.407		
108.441		
108.474		
108.508	155.8	-0.836
108.541		
108.575		
108.608		
108.642		
108.675		
108.709		
108.742		
108.776		
108.809		
108.843		
108.876		
108.910		
108.943		
108.977		
109.010		
109.044		
109.077		
109.111		
109.144		
109.178		
109.211		
109.245		
109.278		
109.312		
109.345		
109.379		
109.412		
109.446		
109.479		
109.513	143.9	-0.935
109.546		
109.579		
109.613		
109.646		
109.680		
109.713		
109.747		
109.780		
109.814		
109.847		
109.881		
109.914		
109.948		
109.981		
110.015		
110.048		
110.082		
110.115		
110.149		
110.182		
110.216		
110.249		
110.283		
110.316		
110.350		
110.383		
110.417		
110.450		
110.484		
110.517	154.4	-1.006
110.551		
110.584		
110.618		
110.651		
110.685		
110.718		
110.752		
110.785		
110.819		
110.852		
110.886		
110.919		
110.953		
110.986		
111.020		
111.053		
111.087		
111.120		
111.154		
111.187		
111.221		
111.254		
111.287		
111.321		
111.354		
111.388		
111.421		
111.455		
111.488		
111.522	145.5	-0.970
111.555		
111.589		
111.622		
111.656		
111.689		
111.723		
111.756		
111.790		
111.823		
111.857		
111.890		
111.924		
111.957		
111.991		
112.024		
112.058		
112.091		
112.125		
112.158		
112.192		
112.225		
112.259		
112.292		
112.326		
112.359		
112.393		
112.426		
112.460		
112.493		
112.527	156.4	-1.499
112.560		
112.594		
112.627		
112.661		
112.694		
112.728		
112.761		
112.795		
112.828		
112.862		
112.895		
112.928		
112.962		
112.995		
113.029		
113.062		
113.096		
113.129		
113.163		
113.196		
113.230		
113.263		
113.297		
113.330		
113.364		
113.397		
113.431		
113.464		
113.498		
113.531	155.9	-1.387
113.565		
113.598		
113.632		
113.665		
113.699		
113.732		
113.766		
113.799		
113.833		
113.866		
113.900		
113.933		
113.967		
114.000		
114.034		
114.067		
114.101		
114.134		
114.168		
114.201		
114.235		
114.268		
114.302		
114.335		
114.369		
114.402		
114.436		
114.469		
114.503		
114.536	155.9	-1.319
114.570		
114.603		
114.636		
114.670		
114.703		
114.737		
114.770		
114.804		
114.837		
114.871		
114.904		
114.938		
114.971		
115.005		
115.038		
115.072		
115.105		
115.139		
115.172		
115.206		
115.239		
115.273		
115.306		
115.340		
115.373		
115.407		
115.440		
115.474		
115.507		
115.541	155.8	0.965
115.574		
115.608		
115.641		
115.675		
115.708		
115.742		
115.775		
115.809		
115.842		
115.876		
115.909		
115.943		
115.976		
116.010		
116.043		
116.077		
116.110		
116.144		
116.177		
116.211		
116.244		
116.277		
116.311		
116.344		
116.378		
116.411		
116.445		
116.478		
116.512		
116.545	156.4	0.979
116.579		
116.612		
116.646		
116.679		
116.713		
116.746		
116.780		
116.813		
116.847		
116.880		
116.914		
116.947		
116.981		
117.014		
117.048		
117.081		
117.115		
117.148		
117.182		
117.215		
117.249		
117.282		
117.316		
117.349		
117.383		
117.416		
117.450		
117.483		
117.517		
117.550	156.2	0.994
117.584		
117.617		
117.651		
117.684		
117.718		
117.751		
117.785		
117.818		
117.852		
117.885		
117.919		
117.952		
117.985		
118.019		
118.052		
118.086		
118.119		
118.153		
118.186		
118.220		
118.253		
118.287		
118.320		
118.354		
118.387		
118.421		
118.454		
118.488		
118.521		
118.555	155.5	0.988
118.588		
118.622		
118.655		
118.689		
118.722		
118.756		
118.789		
118.823		
118.856		
118.890		
118.923		
118.957		
118.990		
119.024		
119.057		
119.091		
119.124		
119.158		
119.191		
119.225		
119.258		
119.292		
119.325		
119.359		
119.392		
119.426		
119.459		
119.493		
119.526		
119.560	155.6	1.807
119.593		
119.627		
119.660		
119.693		
119.727		
119.760		
119.794		
119.827		
119.861		
119.894		
119.928		
119.961		
119.995		
120.028		
120.062		
120.095		
120.129		
120.162		
120.196		
120.229		
120.263		
120.296		
120.330		
120.363		
120.397		
120.430		
120.464		
120.497		
120.531		
120.564	155.6	1.830
120.598		
120.631		
120.665		
120.698		
120.732		
120.765		
120.799		
120.832		
120.866		
120.899		
120.933		
120.966		
121.000		
121.033		
121.067		
121.100		
121.134		
121.167		
121.201		
121.234		
121.268		
121.301		
121.334		
121.368		
121.401		
121.435		
121.468		
121.502		
121.535		
121.569	155.2	2.004
121.602		
121.636		
121.669		
121.703		
121.736		
121.770		
121.803		
121.837		
121.870		
121.904		
121.937		
121.971		
122.004		
122.038		
122.071		
122.105		
122.138		
122.172		
122.205		
122.239		
122.272		
122.306		
122.339		
122.373		
122.406		
122.440		
122.473		
122.507		
122.540		
122.574	155.6	1.752
122.607		
122.641		
122.674		
122.708		
122.741		
122.775		
122.808		
122.842		
122.875		
122.909		
122.942		
122.976		
123.009		
123.042		
123.076		
123.109		
123.143		
123.176		
123.210		
123.243		
123.277		
123.310		
123.344		
123.377		
123.411		
123.444		
123.478		
123.511		
123.545		
123.578	154.7	1.840
