	质量 D		
t	x	y	
0.000	128.7	51.91
0.033		
0.067		
0.100		
0.134		
0.167		
0.201		
0.234		
0.268		
0.301		
0.335		
0.368		
0.401		
0.435		
0.468		
0.502		
0.535		
0.569		
0.602		
0.636		
0.669		
0.703		
0.736		
0.769		
0.803		
0.836		
0.870		
0.903		
0.937		
0.970		
1.004	128.6	52.24
1.037		
1.071		
1.104		
1.137		
1.171		
1.204		
1.238		
1.271		
1.305		
1.338		
1.372		
1.405		
1.438		
1.472		
1.505		
1.539		
1.572		
1.606		
1.639		
1.673		
1.706		
1.740		
1.773		
1.806		
1.840		
1.873		
1.907		
1.940		
1.974		
2.007	128.4	52.52
2.041		
2.074		
2.108		
2.141		
2.174		
2.208		
2.241		
2.275		
2.308		
2.342		
2.375		
2.409		
2.442		
2.476		
2.509		
2.542		
2.576		
2.609		
2.643		
2.676		
2.710		
2.743		
2.777		
2.810		
2.844		
2.877		
2.910		
2.944		
2.977		
3.011	128.5	51.61
3.044		
3.078		
3.111		
3.145		
3.178		
3.212		
3.245		
3.278		
3.312		
3.345		
3.379		
3.412		
3.446		
3.479		
3.513		
3.546		
3.580		
3.613		
3.646		
3.680		
3.713		
3.747		
3.780		
3.814		
3.847		
3.881		
3.914		
3.948		
3.981		
4.014	128.8	52.25
4.048		
4.081		
4.115		
4.148		
4.182		
4.215		
4.249		
4.282		
4.315		
4.349		
4.382		
4.416		
4.449		
4.483		
4.516		
4.550		
4.583		
4.617		
4.650		
4.683		
4.717		
4.750		
4.784		
4.817		
4.851		
4.884		
4.918		
4.951		
4.985		
5.018	129.2	52.67
5.051		
5.085		
5.118		
5.152		
5.185		
5.219		
5.252		
5.286		
5.319		
5.353		
5.386		
5.419		
5.453		
5.486		
5.520		
5.553		
5.587		
5.620		
5.654		
5.687		
5.721		
5.754		
5.787		
5.821		
5.854		
5.888		
5.921		
5.955		
5.988		
6.022	129.1	52.76
6.055		
6.089		
6.122		
6.155		
6.189		
6.222		
6.256		
6.289		
6.323		
6.356		
6.390		
6.423		
6.457		
6.490		
6.523		
6.557		
6.590		
6.624		
6.657		
6.691		
6.724		
6.758		
6.791		
6.824		
6.858		
6.891		
6.925		
6.958		
6.992		
7.025	128.3	53.00
7.059		
7.092		
7.126		
7.159		
7.192		
7.226		
7.259		
7.293		
7.326		
7.360		
7.393		
7.427		
7.460		
7.494		
7.527		
7.560		
7.594		
7.627		
7.661		
7.694		
7.728		
7.761		
7.795		
7.828		
7.862		
7.895		
7.928		
7.962		
7.995		
8.029	128.6	52.70
8.062		
8.096		
8.129		
8.163		
8.196		
8.230		
8.263		
8.296		
8.330		
8.363		
8.397		
8.430		
8.464		
8.497		
8.531		
8.564		
8.598		
8.631		
8.664		
8.698		
8.731		
8.765		
8.798		
8.832		
8.865		
8.899		
8.932		
8.966		
8.999		
9.032	129.3	52.61
9.066		
9.099		
9.133		
9.166		
9.200		
9.233		
9.267		
9.300		
9.334		
9.367		
9.400		
9.434		
9.467		
9.501		
9.534		
9.568		
9.601		
9.635		
9.668		
9.701		
9.735		
9.768		
9.802		
9.835		
9.869		
9.902		
9.936		
9.969		
10.003		
10.036	128.6	53.03
10.069		
10.103		
10.136		
10.170		
10.203		
10.237		
10.270		
10.304		
10.337		
10.371		
10.404		
10.437		
10.471		
10.504		
10.538		
10.571		
10.605		
10.638		
10.672		
10.705		
10.739		
10.772		
10.805		
10.839		
10.872		
10.906		
10.939		
10.973		
11.006		
11.040	128.6	52.32
11.073		
11.107		
11.140		
11.173		
11.207		
11.240		
11.274		
11.307		
11.341		
11.374		
11.408		
11.441		
11.475		
11.508		
11.541		
11.575		
11.608		
11.642		
11.675		
11.709		
11.742		
11.776		
11.809		
11.843		
11.876		
11.909		
11.943		
11.976		
12.010		
12.043	128.7	52.28
12.077		
12.110		
12.144		
12.177		
12.210		
12.244		
12.277		
12.311		
12.344		
12.378		
12.411		
12.445		
12.478		
12.512		
12.545		
12.578		
12.612		
12.645		
12.679		
12.712		
12.746		
12.779		
12.813		
12.846		
12.880		
12.913		
12.946		
12.980		
13.013		
13.047	129.6	52.69
13.080		
13.114		
13.147		
13.181		
13.214		
13.248		
13.281		
13.314		
13.348		
13.381		
13.415		
13.448		
13.482		
13.515		
13.549		
13.582		
13.616		
13.649		
13.682		
13.716		
13.749		
13.783		
13.816		
13.850		
13.883		
13.917		
13.950		
13.984		
14.017		
14.050	130.6	52.64
14.084		
14.117		
14.151		
14.184		
14.218		
14.251		
14.285		
14.318		
14.352		
14.385		
14.418		
14.452		
14.485		
14.519		
14.552		
14.586		
14.619		
14.653		
14.686		
14.719		
14.753		
14.786		
14.820		
14.853		
14.887		
14.920		
14.954		
14.987		
15.021		
15.054	130.5	52.66
15.087		
15.121		
15.154		
15.188		
15.221		
15.255		
15.288		
15.322		
15.355		
15.389		
15.422		
15.455		
15.489		
15.522		
15.556		
15.589		
15.623		
15.656		
15.690		
15.723		
15.757		
15.790		
15.823		
15.857		
15.890		
15.924		
15.957		
15.991		
16.024		
16.058	131.1	52.41
16.091		
16.125		
16.158		
16.191		
16.225		
16.258		
16.292		
16.325		
16.359		
16.392		
16.426		
16.459		
16.493		
16.526		
16.559		
16.593		
16.626		
16.660		
16.693		
16.727		
16.760		
16.794		
16.827		
16.861		
16.894		
16.927		
16.961		
16.994		
17.028		
17.061	130.8	51.96
17.095		
17.128		
17.162		
17.195		
17.229		
17.262		
17.295		
17.329		
17.362		
17.396		
17.429		
17.463		
17.496		
17.530		
17.563		
17.596		
17.630		
17.663		
17.697		
17.730		
17.764		
17.797		
17.831		
17.864		
17.898		
17.931		
17.964		
17.998		
18.031		
18.065	130.6	52.12
18.098		
18.132		
18.165		
18.199		
18.232		
18.266		
18.299		
18.332		
18.366		
18.399		
18.433		
18.466		
18.500		
18.533		
18.567		
18.600		
18.634		
18.667		
18.700		
18.734		
18.767		
18.801		
18.834		
18.868		
18.901		
18.935		
18.968		
19.002		
19.035		
19.068	130.0	51.97
19.102		
19.135		
19.169		
19.202		
19.236		
19.269		
19.303		
19.336		
19.370		
19.403		
19.436		
19.470		
19.503		
19.537		
19.570		
19.604		
19.637		
19.671		
19.704		
19.738		
19.771		
19.804		
19.838		
19.871		
19.905		
19.938		
19.972		
20.005		
20.039		
20.072	130.4	52.91
20.105		
20.139		
20.172		
20.206		
20.239		
20.273		
20.306		
20.340		
20.373		
20.407		
20.440		
20.473		
20.507		
20.540		
20.574		
20.607		
20.641		
20.674		
20.708		
20.741		
20.775		
20.808		
20.841		
20.875		
20.908		
20.942		
20.975		
21.009		
21.042		
21.076	131.5	53.19
21.109		
21.143		
21.176		
21.209		
21.243		
21.276		
21.310		
21.343		
21.377		
21.410		
21.444		
21.477		
21.511		
21.544		
21.577		
21.611		
21.644		
21.678		
21.711		
21.745		
21.778		
21.812		
21.845		
21.879		
21.912		
21.945		
21.979		
22.012		
22.046		
22.079	131.3	54.10
22.113		
22.146		
22.180		
22.213		
22.247		
22.280		
22.313		
22.347		
22.380		
22.414		
22.447		
22.481		
22.514		
22.548		
22.581		
22.615		
22.648		
22.681		
22.715		
22.748		
22.782		
22.815		
22.849		
22.882		
22.916		
22.949		
22.982		
23.016		
23.049		
23.083	131.3	54.09
23.116		
23.150		
23.183		
23.217		
23.250		
23.284		
23.317		
23.350		
23.384		
23.417		
23.451		
23.484		
23.518		
23.551		
23.585		
23.618		
23.652		
23.685		
23.718		
23.752		
23.785		
23.819		
23.852		
23.886		
23.919		
23.953		
23.986		
24.020		
24.053		
24.086	131.3	54.13
24.120		
24.153		
24.187		
24.220		
24.254		
24.287		
24.321		
24.354		
24.388		
24.421		
24.454		
24.488		
24.521		
24.555		
24.588		
24.622		
24.655		
24.689		
24.722		
24.756		
24.789		
24.822		
24.856		
24.889		
24.923		
24.956		
24.990		
25.023		
25.057		
25.090	131.1	55.04
25.124		
25.157		
25.190		
25.224		
25.257		
25.291		
25.324		
25.358		
25.391		
25.425		
25.458		
25.491		
25.525		
25.558		
25.592		
25.625		
25.659		
25.692		
25.726		
25.759		
25.793		
25.826		
25.859		
25.893		
25.926		
25.960		
25.993		
26.027		
26.060		
26.094	130.9	55.42
26.127		
26.161		
26.194		
26.227		
26.261		
26.294		
26.328		
26.361		
26.395		
26.428		
26.462		
26.495		
26.529		
26.562		
26.595		
26.629		
26.662		
26.696		
26.729		
26.763		
26.796		
26.830		
26.863		
26.897		
26.930		
26.963		
26.997		
27.030		
27.064		
27.097	131.2	56.09
27.131		
27.164		
27.198		
27.231		
27.265		
27.298		
27.331		
27.365		
27.398		
27.432		
27.465		
27.499		
27.532		
27.566		
27.599		
27.633		
27.666		
27.699		
27.733		
27.766		
27.800		
27.833		
27.867		
27.900		
27.934		
27.967		
28.000		
28.034		
28.067		
28.101	131.3	56.60
28.134		
28.168		
28.201		
28.235		
28.268		
28.302		
28.335		
28.368		
28.402		
28.435		
28.469		
28.502		
28.536		
28.569		
28.603		
28.636		
28.670		
28.703		
28.736		
28.770		
28.803		
28.837		
28.870		
28.904		
28.937		
28.971		
29.004		
29.038		
29.071		
29.104	131.6	57.13
29.138		
29.171		
29.205		
29.238		
29.272		
29.305		
29.339		
29.372		
29.406		
29.439		
29.472		
29.506		
29.539		
29.573		
29.606		
29.640		
29.673		
29.707		
29.740		
29.774		
29.807		
29.840		
29.874		
29.907		
29.941		
29.974		
30.008		
30.041		
30.075		
30.108	131.6	57.10
30.142		
30.175		
30.208		
30.242		
30.275		
30.309		
30.342		
30.376		
30.409		
30.443		
30.476		
30.510		
30.543		
30.576		
30.610		
30.643		
30.677		
30.710		
30.744		
30.777		
30.811		
30.844		
30.877		
30.911		
30.944		
30.978		
31.011		
31.045		
31.078		
31.112	133.3	56.46
31.145		
31.179		
31.212		
31.245		
31.279		
31.312		
31.346		
31.379		
31.413		
31.446		
31.480		
31.513		
31.547		
31.580		
31.613		
31.647		
31.680		
31.714		
31.747		
31.781		
31.814		
31.848		
31.881		
31.915		
31.948		
31.981		
32.015		
32.048		
32.082		
32.115	133.8	56.38
32.149		
32.182		
32.216		
32.249		
32.283		
32.316		
32.349		
32.383		
32.416		
32.450		
32.483		
32.517		
32.550		
32.584		
32.617		
32.651		
32.684		
32.717		
32.751		
32.784		
32.818		
32.851		
32.885		
32.918		
32.952		
32.985		
33.019		
33.052		
33.085		
33.119	133.8	55.99
33.152		
33.186		
33.219		
33.253		
33.286		
33.320		
33.353		
33.386		
33.420		
33.453		
33.487		
33.520		
33.554		
33.587		
33.621		
33.654		
33.688		
33.721		
33.754		
33.788		
33.821		
33.855		
33.888		
33.922		
33.955		
33.989		
34.022		
34.056		
34.089		
34.122	134.7	56.22
34.156		
34.189		
34.223		
34.256		
34.290		
34.323		
34.357		
34.390		
34.424		
34.457		
34.490		
34.524		
34.557		
34.591		
34.624		
34.658		
34.691		
34.725		
34.758		
34.792		
34.825		
34.858		
34.892		
34.925		
34.959		
34.992		
35.026		
35.059		
35.093		
35.126	134.3	55.85
35.160		
35.193		
35.226		
35.260		
35.293		
35.327		
35.360		
35.394		
35.427		
35.461		
35.494		
35.528		
35.561		
35.594		
35.628		
35.661		
35.695		
35.728		
35.762		
35.795		
35.829		
35.862		
35.896		
35.929		
35.962		
35.996		
36.029		
36.063		
36.096		
36.130	134.3	55.70
36.163		
36.197		
36.230		
36.263		
36.297		
36.330		
36.364		
36.397		
36.431		
36.464		
36.498		
36.531		
36.565		
36.598		
36.631		
36.665		
36.698		
36.732		
36.765		
36.799		
36.832		
36.866		
36.899		
36.933		
36.966		
36.999		
37.033		
37.066		
37.100		
37.133	134.0	55.65
37.167		
37.200		
37.234		
37.267		
37.301		
37.334		
37.367		
37.401		
37.434		
37.468		
37.501		
37.535		
37.568		
37.602		
37.635		
37.669		
37.702		
37.735		
37.769		
37.802		
37.836		
37.869		
37.903		
37.936		
37.970		
38.003		
38.037		
38.070		
38.103		
38.137	134.1	56.87
38.170		
38.204		
38.237		
38.271		
38.304		
38.338		
38.371		
38.405		
38.438		
38.471		
38.505		
38.538		
38.572		
38.605		
38.639		
38.672		
38.706		
38.739		
38.772		
38.806		
38.839		
38.873		
38.906		
38.940		
38.973		
39.007		
39.040		
39.074		
39.107		
39.140	133.2	56.44
39.174		
39.207		
39.241		
39.274		
39.308		
39.341		
39.375		
39.408		
39.442		
39.475		
39.508		
39.542		
39.575		
39.609		
39.642		
39.676		
39.709		
39.743		
39.776		
39.810		
39.843		
39.876		
39.910		
39.943		
39.977		
40.010		
40.044		
40.077		
40.111		
40.144	133.5	56.95
40.178		
40.211		
40.244		
40.278		
40.311		
40.345		
40.378		
40.412		
40.445		
40.479		
40.512		
40.546		
40.579		
40.612		
40.646		
40.679		
40.713		
40.746		
40.780		
40.813		
40.847		
40.880		
40.914		
40.947		
40.980		
41.014		
41.047		
41.081		
41.114		
41.148	134.0	57.23
41.181		
41.215		
41.248		
41.282		
41.315		
41.348		
41.382		
41.415		
41.449		
41.482		
41.516		
41.549		
41.583		
41.616		
41.649		
41.683		
41.716		
41.750		
41.783		
41.817		
41.850		
41.884		
41.917		
41.951		
41.984		
42.017		
42.051		
42.084		
42.118		
42.151	133.8	57.21
42.185		
42.218		
42.252		
42.285		
42.319		
42.352		
42.385		
42.419		
42.452		
42.486		
42.519		
42.553		
42.586		
42.620		
42.653		
42.687		
42.720		
42.753		
42.787		
42.820		
42.854		
42.887		
42.921		
42.954		
42.988		
43.021		
43.055		
43.088		
43.121		
43.155	135.2	57.37
43.188		
43.222		
43.255		
43.289		
43.322		
43.356		
43.389		
43.423		
43.456		
43.489		
43.523		
43.556		
43.590		
43.623		
43.657		
43.690		
43.724		
43.757		
43.791		
43.824		
43.857		
43.891		
43.924		
43.958		
43.991		
44.025		
44.058		
44.092		
44.125		
44.158	129.7	65.68
44.192		
44.225		
44.259		
44.292		
44.326		
44.359		
44.393		
44.426		
44.460		
44.493		
44.526		
44.560		
44.593		
44.627		
44.660		
44.694		
44.727		
44.761		
44.794		
44.828		
44.861		
44.894		
44.928		
44.961		
44.995		
45.028		
45.062		
45.095		
45.129		
45.162	129.7	65.60
45.196		
45.229		
45.262		
45.296		
45.329		
45.363		
45.396		
45.430		
45.463		
45.497		
45.530		
45.564		
45.597		
45.630		
45.664		
45.697		
45.731		
45.764		
45.798		
45.831		
45.865		
45.898		
45.932		
45.965		
45.998		
46.032		
46.065		
46.099		
46.132		
46.166	129.7	65.65
46.199		
46.233		
46.266		
46.300		
46.333		
46.366		
46.400		
46.433		
46.467		
46.500		
46.534		
46.567		
46.601		
46.634		
46.667		
46.701		
46.734		
46.768		
46.801		
46.835		
46.868		
46.902		
46.935		
46.969		
47.002		
47.035		
47.069		
47.102		
47.136		
47.169	129.7	65.54
47.203		
47.236		
47.270		
47.303		
47.337		
47.370		
47.403		
47.437		
47.470		
47.504		
47.537		
47.571		
47.604		
47.638		
47.671		
47.705		
47.738		
47.771		
47.805		
47.838		
47.872		
47.905		
47.939		
47.972		
48.006		
48.039		
48.073		
48.106		
48.139		
48.173	129.7	65.54
48.206		
48.240		
48.273		
48.307		
48.340		
48.374		
48.407		
48.441		
48.474		
48.507		
48.541		
48.574		
48.608		
48.641		
48.675		
48.708		
48.742		
48.775		
48.809		
48.842		
48.875		
48.909		
48.942		
48.976		
49.009		
49.043		
49.076		
49.110		
49.143		
49.177	129.7	65.58
49.210		
49.243		
49.277		
49.310		
49.344		
49.377		
49.411		
49.444		
49.478		
49.511		
49.544		
49.578		
49.611		
49.645		
49.678		
49.712		
49.745		
49.779		
49.812		
49.846		
49.879		
49.912		
49.946		
49.979		
50.013		
50.046		
50.080		
50.113		
50.147		
50.180	129.7	65.58
50.214		
50.247		
50.280		
50.314		
50.347		
50.381		
50.414		
50.448		
50.481		
50.515		
50.548		
50.582		
50.615		
50.648		
50.682		
50.715		
50.749		
50.782		
50.816		
50.849		
50.883		
50.916		
50.950		
50.983		
51.016		
51.050		
51.083		
51.117		
51.150		
51.184	129.7	65.54
51.217		
51.251		
51.284		
51.318		
51.351		
51.384		
51.418		
51.451		
51.485		
51.518		
51.552		
51.585		
51.619		
51.652		
51.686		
51.719		
51.752		
51.786		
51.819		
51.853		
51.886		
51.920		
51.953		
51.987		
52.020		
52.053		
52.087		
52.120		
52.154		
52.187	129.7	65.56
52.221		
52.254		
52.288		
52.321		
52.355		
52.388		
52.421		
52.455		
52.488		
52.522		
52.555		
52.589		
52.622		
52.656		
52.689		
52.723		
52.756		
52.789		
52.823		
52.856		
52.890		
52.923		
52.957		
52.990		
53.024		
53.057		
53.091		
53.124		
53.157		
53.191	129.7	65.56
53.224		
53.258		
53.291		
53.325		
53.358		
53.392		
53.425		
53.459		
53.492		
53.525		
53.559		
53.592		
53.626		
53.659		
53.693		
53.726		
53.760		
53.793		
53.827		
53.860		
53.893		
53.927		
53.960		
53.994		
54.027		
54.061		
54.094		
54.128		
54.161		
54.195	129.7	65.56
54.228		
54.261		
54.295		
54.328		
54.362		
54.395		
54.429		
54.462		
54.496		
54.529		
54.563		
54.596		
54.629		
54.663		
54.696		
54.730		
54.763		
54.797		
54.830		
54.864		
54.897		
54.930		
54.964		
54.997		
55.031		
55.064		
55.098		
55.131		
55.165		
55.198	129.7	65.56
55.232		
55.265		
55.298		
55.332		
55.365		
55.399		
55.432		
55.466		
55.499		
55.533		
55.566		
55.600		
55.633		
55.666		
55.700		
55.733		
55.767		
55.800		
55.834		
55.867		
55.901		
55.934		
55.968		
56.001		
56.034		
56.068		
56.101		
56.135		
56.168		
56.202	129.7	65.56
56.235		
56.269		
56.302		
56.336		
56.369		
56.402		
56.436		
56.469		
56.503		
56.536		
56.570		
56.603		
56.637		
56.670		
56.704		
56.737		
56.770		
56.804		
56.837		
56.871		
56.904		
56.938		
56.971		
57.005		
57.038		
57.072		
57.105		
57.138		
57.172		
57.205	129.7	65.58
57.239		
57.272		
57.306		
57.339		
57.373		
57.406		
57.439		
57.473		
57.506		
57.540		
57.573		
57.607		
57.640		
57.674		
57.707		
57.741		
57.774		
57.807		
57.841		
57.874		
57.908		
57.941		
57.975		
58.008		
58.042		
58.075		
58.109		
58.142		
58.175		
58.209	129.7	65.53
58.242		
58.276		
58.309		
58.343		
58.376		
58.410		
58.443		
58.477		
58.510		
58.543		
58.577		
58.610		
58.644		
58.677		
58.711		
58.744		
58.778		
58.811		
58.845		
58.878		
58.911		
58.945		
58.978		
59.012		
59.045		
59.079		
59.112		
59.146		
59.179		
59.213	129.7	65.54
59.246		
59.279		
59.313		
59.346		
59.380		
59.413		
59.447		
59.480		
59.514		
59.547		
59.581		
59.614		
59.647		
59.681		
59.714		
59.748		
59.781		
59.815		
59.848		
59.882		
59.915		
59.949		
59.982		
60.015		
60.049		
60.082		
60.116		
60.149		
60.183		
60.216	129.7	65.62
60.250		
60.283		
60.316		
60.350		
60.383		
60.417		
60.450		
60.484		
60.517		
60.551		
60.584		
60.618		
60.651		
60.684		
60.718		
60.751		
60.785		
60.818		
60.852		
60.885		
60.919		
60.952		
60.986		
61.019		
61.052		
61.086		
61.119		
61.153		
61.186		
61.220	129.7	65.48
61.253		
61.287		
61.320		
61.354		
61.387		
61.420		
61.454		
61.487		
61.521		
61.554		
61.588		
61.621		
61.655		
61.688		
61.722		
61.755		
61.788		
61.822		
61.855		
61.889		
61.922		
61.956		
61.989		
62.023		
62.056		
62.090		
62.123		
62.156		
62.190		
62.223	129.7	65.58
62.257		
62.290		
62.324		
62.357		
62.391		
62.424		
62.458		
62.491		
62.524		
62.558		
62.591		
62.625		
62.658		
62.692		
62.725		
62.759		
62.792		
62.825		
62.859		
62.892		
62.926		
62.959		
62.993		
63.026		
63.060		
63.093		
63.127		
63.160		
63.193		
63.227	129.7	65.56
63.260		
63.294		
63.327		
63.361		
63.394		
63.428		
63.461		
63.495		
63.528		
63.561		
63.595		
63.628		
63.662		
63.695		
63.729		
63.762		
63.796		
63.829		
63.863		
63.896		
63.929		
63.963		
63.996		
64.030		
64.063		
64.097		
64.130		
64.164		
64.197		
64.231	129.7	65.58
64.264		
64.297		
64.331		
64.364		
64.398		
64.431		
64.465		
64.498		
64.532		
64.565		
64.599		
64.632		
64.665		
64.699		
64.732		
64.766		
64.799		
64.833		
64.866		
64.900		
64.933		
64.967		
65.000		
65.033		
65.067		
65.100		
65.134		
65.167		
65.201		
65.234	129.7	65.55
65.268		
65.301		
65.335		
65.368		
65.401		
65.435		
65.468		
65.502		
65.535		
65.569		
65.602		
65.636		
65.669		
65.702		
65.736		
65.769		
65.803		
65.836		
65.870		
65.903		
65.937		
65.970		
66.004		
66.037		
66.070		
66.104		
66.137		
66.171		
66.204		
66.238	129.7	65.63
66.271		
66.305		
66.338		
66.372		
66.405		
66.438		
66.472		
66.505		
66.539		
66.572		
66.606		
66.639		
66.673		
66.706		
66.740		
66.773		
66.806		
66.840		
66.873		
66.907		
66.940		
66.974		
67.007		
67.041		
67.074		
67.108		
67.141		
67.174		
67.208		
67.241	129.7	65.54
67.275		
67.308		
67.342		
67.375		
67.409		
67.442		
67.476		
67.509		
67.542		
67.576		
67.609		
67.643		
67.676		
67.710		
67.743		
67.777		
67.810		
67.844		
67.877		
67.910		
67.944		
67.977		
68.011		
68.044		
68.078		
68.111		
68.145		
68.178		
68.211		
68.245	129.7	65.51
68.278		
68.312		
68.345		
68.379		
68.412		
68.446		
68.479		
68.513		
68.546		
68.579		
68.613		
68.646		
68.680		
68.713		
68.747		
68.780		
68.814		
68.847		
68.881		
68.914		
68.947		
68.981		
69.014		
69.048		
69.081		
69.115		
69.148		
69.182		
69.215		
69.249	129.7	65.56
69.282		
69.315		
69.349		
69.382		
69.416		
69.449		
69.483		
69.516		
69.550		
69.583		
69.617		
69.650		
69.683		
69.717		
69.750		
69.784		
69.817		
69.851		
69.884		
69.918		
69.951		
69.985		
70.018		
70.051		
70.085		
70.118		
70.152		
70.185		
70.219		
70.252	129.7	65.57
70.286		
70.319		
70.353		
70.386		
70.419		
70.453		
70.486		
70.520		
70.553		
70.587		
70.620		
70.654		
70.687		
70.720		
70.754		
70.787		
70.821		
70.854		
70.888		
70.921		
70.955		
70.988		
71.022		
71.055		
71.088		
71.122		
71.155		
71.189		
71.222		
71.256	129.7	65.54
71.289		
71.323		
71.356		
71.390		
71.423		
71.456		
71.490		
71.523		
71.557		
71.590		
71.624		
71.657		
71.691		
71.724		
71.758		
71.791		
71.824		
71.858		
71.891		
71.925		
71.958		
71.992		
72.025		
72.059		
72.092		
72.126		
72.159		
72.192		
72.226		
72.259	129.7	65.62
72.293		
72.326		
72.360		
72.393		
72.427		
72.460		
72.494		
72.527		
72.560		
72.594		
72.627		
72.661		
72.694		
72.728		
72.761		
72.795		
72.828		
72.862		
72.895		
72.928		
72.962		
72.995		
73.029		
73.062		
73.096		
73.129		
73.163		
73.196		
73.230		
73.263	129.7	65.51
73.296		
73.330		
73.363		
73.397		
73.430		
73.464		
73.497		
73.531		
73.564		
73.597		
73.631		
73.664		
73.698		
73.731		
73.765		
73.798		
73.832		
73.865		
73.899		
73.932		
73.965		
73.999		
74.032		
74.066		
74.099		
74.133		
74.166		
74.200		
74.233		
74.267	129.7	65.61
74.300		
74.333		
74.367		
74.400		
74.434		
74.467		
74.501		
74.534		
74.568		
74.601		
74.635		
74.668		
74.701		
74.735		
74.768		
74.802		
74.835		
74.869		
74.902		
74.936		
74.969		
75.003		
75.036		
75.069		
75.103		
75.136		
75.170		
75.203		
75.237		
75.270	129.7	65.58
75.304		
75.337		
75.371		
75.404		
75.437		
75.471		
75.504		
75.538		
75.571		
75.605		
75.638		
75.672		
75.705		
75.739		
75.772		
75.805		
75.839		
75.872		
75.906		
75.939		
75.973		
76.006		
76.040		
76.073		
76.106		
76.140		
76.173		
76.207		
76.240		
76.274	129.7	65.61
76.307		
76.341		
76.374		
76.408		
76.441		
76.474		
76.508		
76.541		
76.575		
76.608		
76.642		
76.675		
76.709		
76.742		
76.776		
76.809		
76.842		
76.876		
76.909		
76.943		
76.976		
77.010		
77.043		
77.077		
77.110		
77.144		
77.177		
77.210		
77.244		
77.277	129.7	65.61
77.311		
77.344		
77.378		
77.411		
77.445		
77.478		
77.512		
77.545		
77.578		
77.612		
77.645		
77.679		
77.712		
77.746		
77.779		
77.813		
77.846		
77.880		
77.913		
77.946		
77.980		
78.013		
78.047		
78.080		
78.114		
78.147		
78.181		
78.214		
78.248		
78.281	129.7	65.53
78.314		
78.348		
78.381		
78.415		
78.448		
78.482		
78.515		
78.549		
78.582		
78.616		
78.649		
78.682		
78.716		
78.749		
78.783		
78.816		
78.850		
78.883		
78.917		
78.950		
78.983		
79.017		
79.050		
79.084		
79.117		
79.151		
79.184		
79.218		
79.251		
79.285	129.7	65.61
79.318		
79.351		
79.385		
79.418		
79.452		
79.485		
79.519		
79.552		
79.586		
79.619		
79.653		
79.686		
79.719		
79.753		
79.786		
79.820		
79.853		
79.887		
79.920		
79.954		
79.987		
80.021		
80.054		
80.087		
80.121		
80.154		
80.188		
80.221		
80.255		
80.288	129.7	65.59
80.322		
80.355		
80.389		
80.422		
80.455		
80.489		
80.522		
80.556		
80.589		
80.623		
80.656		
80.690		
80.723		
80.757		
80.790		
80.823		
80.857		
80.890		
80.924		
80.957		
80.991		
81.024		
81.058		
81.091		
81.125		
81.158		
81.191		
81.225		
81.258		
81.292	129.7	65.56
81.325		
81.359		
81.392		
81.426		
81.459		
81.492		
81.526		
81.559		
81.593		
81.626		
81.660		
81.693		
81.727		
81.760		
81.794		
81.827		
81.860		
81.894		
81.927		
81.961		
81.994		
82.028		
82.061		
82.095		
82.128		
82.162		
82.195		
82.228		
82.262		
82.295	129.7	65.56
82.329		
82.362		
82.396		
82.429		
82.463		
82.496		
82.530		
82.563		
82.596		
82.630		
82.663		
82.697		
82.730		
82.764		
82.797		
82.831		
82.864		
82.898		
82.931		
82.964		
82.998		
83.031		
83.065		
83.098		
83.132		
83.165		
83.199		
83.232		
83.266		
83.299	129.7	65.57
83.332		
83.366		
83.399		
83.433		
83.466		
83.500		
83.533		
83.567		
83.600		
83.634		
83.667		
83.700		
83.734		
83.767		
83.801		
83.834		
83.868		
83.901		
83.935		
83.968		
84.001		
84.035		
84.068		
84.102		
84.135		
84.169		
84.202		
84.236		
84.269		
84.303	129.7	65.50
84.336		
84.369		
84.403		
84.436		
84.470		
84.503		
84.537		
84.570		
84.604		
84.637		
84.671		
84.704		
84.737		
84.771		
84.804		
84.838		
84.871		
84.905		
84.938		
84.972		
85.005		
85.039		
85.072		
85.105		
85.139		
85.172		
85.206		
85.239		
85.273		
85.306	129.7	65.60
85.340		
85.373		
85.407		
85.440		
85.473		
85.507		
85.540		
85.574		
85.607		
85.641		
85.674		
85.708		
85.741		
85.775		
85.808		
85.841		
85.875		
85.908		
85.942		
85.975		
86.009		
86.042		
86.076		
86.109		
86.143		
86.176		
86.209		
86.243		
86.276		
86.310	129.7	65.60
86.343		
86.377		
86.410		
86.444		
86.477		
86.511		
86.544		
86.577		
86.611		
86.644		
86.678		
86.711		
86.745		
86.778		
86.812		
86.845		
86.878		
86.912		
86.945		
86.979		
87.012		
87.046		
87.079		
87.113		
87.146		
87.180		
87.213		
87.246		
87.280		
87.313	129.7	65.60
87.347		
87.380		
87.414		
87.447		
87.481		
87.514		
87.548		
87.581		
87.614		
87.648		
87.681		
87.715		
87.748		
87.782		
87.815		
87.849		
87.882		
87.916		
87.949		
87.982		
88.016		
88.049		
88.083		
88.116		
88.150		
88.183		
88.217		
88.250		
88.284		
88.317	129.7	65.64
88.350		
88.384		
88.417		
88.451		
88.484		
88.518		
88.551		
88.585		
88.618		
88.652		
88.685		
88.718		
88.752		
88.785		
88.819		
88.852		
88.886		
88.919		
88.953		
88.986		
89.020		
89.053		
89.086		
89.120		
89.153		
89.187		
89.220		
89.254		
89.287		
89.321	129.7	65.55
89.354		
89.387		
89.421		
89.454		
89.488		
89.521		
89.555		
89.588		
89.622		
89.655		
89.689		
89.722		
89.755		
89.789		
89.822		
89.856		
89.889		
89.923		
89.956		
89.990		
90.023		
90.057		
90.090		
90.123		
90.157		
90.190		
90.224		
90.257		
90.291		
90.324	129.7	65.48
90.358		
90.391		
90.425		
90.458		
90.491		
90.525		
90.558		
90.592		
90.625		
90.659		
90.692		
90.726		
90.759		
90.793		
90.826		
90.859		
90.893		
90.926		
90.960		
90.993		
91.027		
91.060		
91.094		
91.127		
91.161		
91.194		
91.227		
91.261		
91.294		
91.328	129.7	65.49
91.361		
91.395		
91.428		
91.462		
91.495		
91.529		
91.562		
91.595		
91.629		
91.662		
91.696		
91.729		
91.763		
91.796		
91.830		
91.863		
91.897		
91.930		
91.963		
91.997		
92.030		
92.064		
92.097		
92.131		
92.164		
92.198		
92.231		
92.264		
92.298		
92.331	129.7	65.56
92.365		
92.398		
92.432		
92.465		
92.499		
92.532		
92.566		
92.599		
92.632		
92.666		
92.699		
92.733		
92.766		
92.800		
92.833		
92.867		
92.900		
92.934		
92.967		
93.000		
93.034		
93.067		
93.101		
93.134		
93.168		
93.201		
93.235		
93.268		
93.302		
93.335	129.7	65.54
93.368		
93.402		
93.435		
93.469		
93.502		
93.536		
93.569		
93.603		
93.636		
93.670		
93.703		
93.736		
93.770		
93.803		
93.837		
93.870		
93.904		
93.937		
93.971		
94.004		
94.038		
94.071		
94.104		
94.138		
94.171		
94.205		
94.238		
94.272		
94.305		
94.339	129.7	65.48
94.372		
94.406		
94.439		
94.472		
94.506		
94.539		
94.573		
94.606		
94.640		
94.673		
94.707		
94.740		
94.773		
94.807		
94.840		
94.874		
94.907		
94.941		
94.974		
95.008		
95.041		
95.075		
95.108		
95.141		
95.175		
95.208		
95.242		
95.275		
95.309		
95.342	129.7	65.53
95.376		
95.409		
95.443		
95.476		
95.509		
95.543		
95.576		
95.610		
95.643		
95.677		
95.710		
95.744		
95.777		
95.811		
95.844		
95.877		
95.911		
95.944		
95.978		
96.011		
96.045		
96.078		
96.112		
96.145		
96.179		
96.212		
96.245		
96.279		
96.312		
96.346	129.7	65.54
96.379		
96.413		
96.446		
96.480		
96.513		
96.547		
96.580		
96.613		
96.647		
96.680		
96.714		
96.747		
96.781		
96.814		
96.848		
96.881		
96.915		
96.948		
96.981		
97.015		
97.048		
97.082		
97.115		
97.149		
97.182		
97.216		
97.249		
97.283		
97.316		
97.349	129.7	65.50
97.383		
97.416		
97.450		
97.483		
97.517		
97.550		
97.584		
97.617		
97.650		
97.684		
97.717		
97.751		
97.784		
97.818		
97.851		
97.885		
97.918		
97.952		
97.985		
98.018		
98.052		
98.085		
98.119		
98.152		
98.186		
98.219		
98.253		
98.286		
98.320		
98.353	129.7	65.58
98.386		
98.420		
98.453		
98.487		
98.520		
98.554		
98.587		
98.621		
98.654		
98.688		
98.721		
98.754		
98.788		
98.821		
98.855		
98.888		
98.922		
98.955		
98.989		
99.022		
99.056		
99.089		
99.122		
99.156		
99.189		
99.223		
99.256		
99.290		
99.323		
99.357	129.7	65.56
99.390		
99.424		
99.457		
99.490		
99.524		
99.557		
99.591		
99.624		
99.658		
99.691		
99.725		
99.758		
99.792		
99.825		
99.858		
99.892		
99.925		
99.959		
99.992		
100.026		
100.059		
100.093		
100.126		
100.159		
100.193		
100.226		
100.260		
100.293		
100.327		
100.360	129.7	65.51
100.394		
100.427		
100.461		
100.494		
100.527		
100.561		
100.594		
100.628		
100.661		
100.695		
100.728		
100.762		
100.795		
100.829		
100.862		
100.895		
100.929		
100.962		
100.996		
101.029		
101.063		
101.096		
101.130		
101.163		
101.197		
101.230		
101.263		
101.297		
101.330		
101.364	129.7	65.54
101.397		
101.431		
101.464		
101.498		
101.531		
101.565		
101.598		
101.631		
101.665		
101.698		
101.732		
101.765		
101.799		
101.832		
101.866		
101.899		
101.933		
101.966		
101.999		
102.033		
102.066		
102.100		
102.133		
102.167		
102.200		
102.234		
102.267		
102.301		
102.334		
102.367	129.7	65.71
102.401		
102.434		
102.468		
102.501		
102.535		
102.568		
102.602		
102.635		
102.668		
102.702		
102.735		
102.769		
102.802		
102.836		
102.869		
102.903		
102.936		
102.970		
103.003		
103.036		
103.070		
103.103		
103.137		
103.170		
103.204		
103.237		
103.271		
103.304		
103.338		
103.371	129.7	65.59
103.404		
103.438		
103.471		
103.505		
103.538		
103.572		
103.605		
103.639		
103.672		
103.706		
103.739		
103.772		
103.806		
103.839		
103.873		
103.906		
103.940		
103.973		
104.007		
104.040		
104.074		
104.107		
104.140		
104.174		
104.207		
104.241		
104.274		
104.308		
104.341		
104.375	129.7	65.57
104.408		
104.442		
104.475		
104.508		
104.542		
104.575		
104.609		
104.642		
104.676		
104.709		
104.743		
104.776		
104.810		
104.843		
104.876		
104.910		
104.943		
104.977		
105.010		
105.044		
105.077		
105.111		
105.144		
105.178		
105.211		
105.244		
105.278		
105.311		
105.345		
105.378	129.7	65.62
105.412		
105.445		
105.479		
105.512		
105.545		
105.579		
105.612		
105.646		
105.679		
105.713		
105.746		
105.780		
105.813		
105.847		
105.880		
105.913		
105.947		
105.980		
106.014		
106.047		
106.081		
106.114		
106.148		
106.181		
106.215		
106.248		
106.281		
106.315		
106.348		
106.382	129.7	65.55
106.415		
106.449		
106.482		
106.516		
106.549		
106.583		
106.616		
106.649		
106.683		
106.716		
106.750		
106.783		
106.817		
106.850		
106.884		
106.917		
106.951		
106.984		
107.017		
107.051		
107.084		
107.118		
107.151		
107.185		
107.218		
107.252		
107.285		
107.319		
107.352		
107.385	129.7	65.55
107.419		
107.452		
107.486		
107.519		
107.553		
107.586		
107.620		
107.653		
107.687		
107.720		
107.753		
107.787		
107.820		
107.854		
107.887		
107.921		
107.954		
107.988		
108.021		
108.054		
108.088		
108.121		
108.155		
108.188		
108.222		
108.255		
108.289		
108.322		
108.356		
108.389	129.7	65.57
108.422		
108.456		
108.489		
108.523		
108.556		
108.590		
108.623		
108.657		
108.690		
108.724		
108.757		
108.790		
108.824		
108.857		
108.891		
108.924		
108.958		
108.991		
109.025		
109.058		
109.092		
109.125		
109.158		
109.192		
109.225		
109.259		
109.292		
109.326		
109.359		
109.393	129.7	65.55
109.426		
109.460		
109.493		
109.526		
109.560		
109.593		
109.627		
109.660		
109.694		
109.727		
109.761		
109.794		
109.828		
109.861		
109.894		
109.928		
109.961		
109.995		
110.028		
110.062		
110.095		
110.129		
110.162		
110.196		
110.229		
110.262		
110.296		
110.329		
110.363		
110.396	129.7	65.57
110.430		
110.463		
110.497		
110.530		
110.564		
110.597		
110.630		
110.664		
110.697		
110.731		
110.764		
110.798		
110.831		
110.865		
110.898		
110.931		
110.965		
110.998		
111.032		
111.065		
111.099		
111.132		
111.166		
111.199		
111.233		
111.266		
111.299		
111.333		
111.366		
111.400	129.7	65.60
111.433		
111.467		
111.500		
111.534		
111.567		
111.601		
111.634		
111.667		
111.701		
111.734		
111.768		
111.801		
111.835		
111.868		
111.902		
111.935		
111.969		
112.002		
112.035		
112.069		
112.102		
112.136		
112.169		
112.203		
112.236		
112.270		
112.303		
112.337		
112.370		
112.403	129.7	65.51
112.437		
112.470		
112.504		
112.537		
112.571		
112.604		
112.638		
112.671		
112.705		
112.738		
112.771		
112.805		
112.838		
112.872		
112.905		
112.939		
112.972		
113.006		
113.039		
113.073		
113.106		
113.139		
113.173		
113.206		
113.240		
113.273		
113.307		
113.340		
113.374		
113.407	129.7	65.56
113.440		
113.474		
113.507		
113.541		
113.574		
113.608		
113.641		
113.675		
113.708		
113.742		
113.775		
113.808		
113.842		
113.875		
113.909		
113.942		
113.976		
114.009		
114.043		
114.076		
114.110		
114.143		
114.176		
114.210		
114.243		
114.277		
114.310		
114.344		
114.377		
114.411	129.7	65.63
114.444		
114.478		
114.511		
114.544		
114.578		
114.611		
114.645		
114.678		
114.712		
114.745		
114.779		
114.812		
114.846		
114.879		
114.912		
114.946		
114.979		
115.013		
115.046		
115.080		
115.113		
115.147		
115.180		
115.214		
115.247		
115.280		
115.314		
115.347		
115.381		
115.414	129.7	65.53
115.448		
115.481		
115.515		
115.548		
115.582		
115.615		
115.648		
115.682		
115.715		
115.749		
115.782		
115.816		
115.849		
115.883		
115.916		
115.950		
115.983		
116.016		
116.050		
116.083		
116.117		
116.150		
116.184		
116.217		
116.251		
116.284		
116.317		
116.351		
116.384		
116.418	129.7	65.54
116.451		
116.485		
116.518		
116.552		
116.585		
116.619		
116.652		
116.685		
116.719		
116.752		
116.786		
116.819		
116.853		
116.886		
116.920		
116.953		
116.987		
117.020		
117.053		
117.087		
117.120		
117.154		
117.187		
117.221		
117.254		
117.288		
117.321		
117.355		
117.388		
117.421	129.7	65.52
117.455		
117.488		
117.522		
117.555		
117.589		
117.622		
117.656		
117.689		
117.723		
117.756		
117.789		
117.823		
117.856		
117.890		
117.923		
117.957		
117.990		
118.024		
118.057		
118.091		
118.124		
118.157		
118.191		
118.224		
118.258		
118.291		
118.325		
118.358		
118.392		
118.425	129.7	65.60
118.459		
118.492		
118.525		
118.559		
118.592		
118.626		
118.659		
118.693		
118.726		
118.760		
118.793		
118.826		
118.860		
118.893		
118.927		
118.960		
118.994		
119.027		
119.061		
119.094		
119.128		
119.161		
119.194		
119.228		
119.261		
119.295		
119.328		
119.362		
119.395		
119.429	129.8	65.42
119.462		
119.496		
119.529		
119.562		
119.596		
119.629		
119.663		
119.696		
119.730		
119.763		
119.797		
119.830		
119.864		
119.897		
119.930		
119.964		
119.997		
120.031		
120.064		
120.098		
120.131		
120.165		
120.198		
120.232		
120.265		
120.298		
120.332		
120.365		
120.399		
120.432	129.8	65.78
120.466		
120.499		
120.533		
120.566		
120.600		
120.633		
120.666		
120.700		
120.733		
120.767		
120.800		
120.834		
120.867		
120.901		
120.934		
120.968		
121.001		
121.034		
121.068		
121.101		
121.135		
121.168		
121.202		
121.235		
121.269		
121.302		
121.336		
121.369		
121.402		
121.436	129.7	65.57
121.469		
121.503		
121.536		
121.570		
121.603		
121.637		
121.670		
121.703		
121.737		
121.770		
121.804		
121.837		
121.871		
121.904		
121.938		
121.971		
122.005		
122.038		
122.071		
122.105		
122.138		
122.172		
122.205		
122.239		
122.272		
122.306		
122.339		
122.373		
122.406		
122.439	129.7	65.57
122.473		
122.506		
122.540		
122.573		
122.607		
122.640		
122.674		
122.707		
122.741		
122.774		
122.807		
122.841		
122.874		
122.908		
122.941		
122.975		
123.008		
123.042		
123.075		
123.109		
123.142		
123.175		
123.209		
123.242		
123.276		
123.309		
123.343		
123.376		
123.410		
123.443	129.7	65.59
123.477		
123.510		
123.543		
123.577		
123.610		
123.644		
123.677		
123.711		
123.744		
123.778		
123.811		
123.845		
123.878		
123.911		
123.945		
123.978		
124.012		
124.045		
124.079		
124.112		
124.146		
124.179		
124.212		
124.246		
124.279		
124.313		
124.346		
124.380		
124.413		
124.447	129.7	65.61
