	质量 E		
t	x	y	
0.000	142.7	-37.09
0.033		
0.067		
0.100		
0.134		
0.167		
0.201		
0.234		
0.268		
0.301		
0.335		
0.368		
0.402		
0.435		
0.468		
0.502		
0.535		
0.569		
0.602		
0.636		
0.669		
0.703		
0.736		
0.770		
0.803		
0.836		
0.870		
0.903		
0.937		
0.970		
1.004	140.2	-24.31
1.037		
1.071		
1.104		
1.138		
1.171		
1.204		
1.238		
1.271		
1.305		
1.338		
1.372		
1.405		
1.439		
1.472		
1.506		
1.539		
1.573		
1.606		
1.639		
1.673		
1.706		
1.740		
1.773		
1.807		
1.840		
1.874		
1.907		
1.941		
1.974		
2.008	139.1	-24.48
2.041		
2.074		
2.108		
2.141		
2.175		
2.208		
2.242		
2.275		
2.309		
2.342		
2.376		
2.409		
2.442		
2.476		
2.509		
2.543		
2.576		
2.610		
2.643		
2.677		
2.710		
2.744		
2.777		
2.811		
2.844		
2.877		
2.911		
2.944		
2.978		
3.011	138.8	-25.47
3.045		
3.078		
3.112		
3.145		
3.179		
3.212		
3.245		
3.279		
3.312		
3.346		
3.379		
3.413		
3.446		
3.480		
3.513		
3.547		
3.580		
3.614		
3.647		
3.680		
3.714		
3.747		
3.781		
3.814		
3.848		
3.881		
3.915		
3.948		
3.982		
4.015	139.4	-26.44
4.048		
4.082		
4.115		
4.149		
4.182		
4.216		
4.249		
4.283		
4.316		
4.350		
4.383		
4.417		
4.450		
4.483		
4.517		
4.550		
4.584		
4.617		
4.651		
4.684		
4.718		
4.751		
4.785		
4.818		
4.851		
4.885		
4.918		
4.952		
4.985		
5.019	139.9	-27.34
5.052		
5.086		
5.119		
5.153		
5.186		
5.220		
5.253		
5.286		
5.320		
5.353		
5.387		
5.420		
5.454		
5.487		
5.521		
5.554		
5.588		
5.621		
5.654		
5.688		
5.721		
5.755		
5.788		
5.822		
5.855		
5.889		
5.922		
5.956		
5.989		
6.022	139.8	-27.43
6.056		
6.089		
6.123		
6.156		
6.190		
6.223		
6.257		
6.290		
6.324		
6.357		
6.391		
6.424		
6.457		
6.491		
6.524		
6.558		
6.591		
6.625		
6.658		
6.692		
6.725		
6.759		
6.792		
6.826		
6.859		
6.892		
6.926		
6.959		
6.993		
7.026	138.9	-27.03
7.060		
7.093		
7.127		
7.160		
7.194		
7.227		
7.260		
7.294		
7.327		
7.361		
7.394		
7.428		
7.461		
7.495		
7.528		
7.562		
7.595		
7.629		
7.662		
7.695		
7.729		
7.762		
7.796		
7.829		
7.863		
7.896		
7.930		
7.963		
7.997		
8.030	138.8	-26.54
8.063		
8.097		
8.130		
8.164		
8.197		
8.231		
8.264		
8.298		
8.331		
8.365		
8.398		
8.431		
8.465		
8.498		
8.532		
8.565		
8.599		
8.632		
8.666		
8.699		
8.733		
8.766		
8.800		
8.833		
8.866		
8.900		
8.933		
8.967		
9.000		
9.034	139.1	-26.01
9.067		
9.101		
9.134		
9.168		
9.201		
9.235		
9.268		
9.301		
9.335		
9.368		
9.402		
9.435		
9.469		
9.502		
9.536		
9.569		
9.603		
9.636		
9.669		
9.703		
9.736		
9.770		
9.803		
9.837		
9.870		
9.904		
9.937		
9.971		
10.004		
10.037	140.0	-26.26
10.071		
10.104		
10.138		
10.171		
10.205		
10.238		
10.272		
10.305		
10.339		
10.372		
10.406		
10.439		
10.472		
10.506		
10.539		
10.573		
10.606		
10.640		
10.673		
10.707		
10.740		
10.774		
10.807		
10.841		
10.874		
10.907		
10.941		
10.974		
11.008		
11.041	140.7	-26.63
11.075		
11.108		
11.142		
11.175		
11.209		
11.242		
11.275		
11.309		
11.342		
11.376		
11.409		
11.443		
11.476		
11.510		
11.543		
11.577		
11.610		
11.643		
11.677		
11.710		
11.744		
11.777		
11.811		
11.844		
11.878		
11.911		
11.945		
11.978		
12.012		
12.045	140.7	-26.58
12.078		
12.112		
12.145		
12.179		
12.212		
12.246		
12.279		
12.313		
12.346		
12.380		
12.413		
12.447		
12.480		
12.513		
12.547		
12.580		
12.614		
12.647		
12.681		
12.714		
12.748		
12.781		
12.815		
12.848		
12.881		
12.915		
12.948		
12.982		
13.015		
13.049	140.4	-26.83
13.082		
13.116		
13.149		
13.183		
13.216		
13.250		
13.283		
13.316		
13.350		
13.383		
13.417		
13.450		
13.484		
13.517		
13.551		
13.584		
13.618		
13.651		
13.684		
13.718		
13.751		
13.785		
13.818		
13.852		
13.885		
13.919		
13.952		
13.986		
14.019		
14.053	141.3	-27.39
14.086		
14.119		
14.153		
14.186		
14.220		
14.253		
14.287		
14.320		
14.354		
14.387		
14.421		
14.454		
14.487		
14.521		
14.554		
14.588		
14.621		
14.655		
14.688		
14.722		
14.755		
14.789		
14.822		
14.856		
14.889		
14.922		
14.956		
14.989		
15.023		
15.056	141.6	-26.92
15.090		
15.123		
15.157		
15.190		
15.224		
15.257		
15.290		
15.324		
15.357		
15.391		
15.424		
15.458		
15.491		
15.525		
15.558		
15.592		
15.625		
15.659		
15.692		
15.725		
15.759		
15.792		
15.826		
15.859		
15.893		
15.926		
15.960		
15.993		
16.027		
16.060	142.3	-27.09
16.093		
16.127		
16.160		
16.194		
16.227		
16.261		
16.294		
16.328		
16.361		
16.395		
16.428		
16.462		
16.495		
16.528		
16.562		
16.595		
16.629		
16.662		
16.696		
16.729		
16.763		
16.796		
16.830		
16.863		
16.896		
16.930		
16.963		
16.997		
17.030		
17.064	142.5	-27.09
17.097		
17.131		
17.164		
17.198		
17.231		
17.265		
17.298		
17.331		
17.365		
17.398		
17.432		
17.465		
17.499		
17.532		
17.566		
17.599		
17.633		
17.666		
17.699		
17.733		
17.766		
17.800		
17.833		
17.867		
17.900		
17.934		
17.967		
18.001		
18.034		
18.067	142.3	-27.02
18.101		
18.134		
18.168		
18.201		
18.235		
18.268		
18.302		
18.335		
18.369		
18.402		
18.436		
18.469		
18.502		
18.536		
18.569		
18.603		
18.636		
18.670		
18.703		
18.737		
18.770		
18.804		
18.837		
18.870		
18.904		
18.937		
18.971		
19.004		
19.038		
19.071	142.6	-28.35
19.105		
19.138		
19.172		
19.205		
19.239		
19.272		
19.305		
19.339		
19.372		
19.406		
19.439		
19.473		
19.506		
19.540		
19.573		
19.607		
19.640		
19.674		
19.707		
19.740		
19.774		
19.807		
19.841		
19.874		
19.908		
19.941		
19.975		
20.008		
20.042		
20.075	142.9	-28.66
20.108		
20.142		
20.175		
20.209		
20.242		
20.276		
20.309		
20.343		
20.376		
20.410		
20.443		
20.477		
20.510		
20.543		
20.577		
20.610		
20.644		
20.677		
20.711		
20.744		
20.778		
20.811		
20.845		
20.878		
20.911		
20.945		
20.978		
21.012		
21.045		
21.079	142.7	-29.02
21.112		
21.146		
21.179		
21.213		
21.246		
21.279		
21.313		
21.346		
21.380		
21.413		
21.447		
21.480		
21.514		
21.547		
21.581		
21.614		
21.648		
21.681		
21.714		
21.748		
21.781		
21.815		
21.848		
21.882		
21.915		
21.949		
21.982		
22.016		
22.049		
22.082	142.2	-29.71
22.116		
22.149		
22.183		
22.216		
22.250		
22.283		
22.317		
22.350		
22.384		
22.417		
22.451		
22.484		
22.517		
22.551		
22.584		
22.618		
22.651		
22.685		
22.718		
22.752		
22.785		
22.819		
22.852		
22.886		
22.919		
22.952		
22.986		
23.019		
23.053		
23.086	141.2	-29.80
23.120		
23.153		
23.187		
23.220		
23.254		
23.287		
23.320		
23.354		
23.387		
23.421		
23.454		
23.488		
23.521		
23.555		
23.588		
23.622		
23.655		
23.689		
23.722		
23.755		
23.789		
23.822		
23.856		
23.889		
23.923		
23.956		
23.990		
24.023		
24.057		
24.090	141.2	-29.82
24.123		
24.157		
24.190		
24.224		
24.257		
24.291		
24.324		
24.358		
24.391		
24.425		
24.458		
24.491		
24.525		
24.558		
24.592		
24.625		
24.659		
24.692		
24.726		
24.759		
24.793		
24.826		
24.860		
24.893		
24.926		
24.960		
24.993		
25.027		
25.060		
25.094	140.5	-31.07
25.127		
25.161		
25.194		
25.228		
25.261		
25.294		
25.328		
25.361		
25.395		
25.428		
25.462		
25.495		
25.529		
25.562		
25.596		
25.629		
25.663		
25.696		
25.729		
25.763		
25.796		
25.830		
25.863		
25.897		
25.930		
25.964		
25.997		
26.031		
26.064		
26.098	140.9	-30.91
26.131		
26.164		
26.198		
26.231		
26.265		
26.298		
26.332		
26.365		
26.399		
26.432		
26.466		
26.499		
26.532		
26.566		
26.599		
26.633		
26.666		
26.700		
26.733		
26.767		
26.800		
26.834		
26.867		
26.901		
26.934		
26.967		
27.001		
27.034		
27.068		
27.101	140.9	-30.32
27.135		
27.168		
27.202		
27.235		
27.269		
27.302		
27.335		
27.369		
27.402		
27.436		
27.469		
27.503		
27.536		
27.570		
27.603		
27.637		
27.670		
27.704		
27.737		
27.770		
27.804		
27.837		
27.871		
27.904		
27.938		
27.971		
28.005		
28.038		
28.072		
28.105	141.7	-30.12
28.138		
28.172		
28.205		
28.239		
28.272		
28.306		
28.339		
28.373		
28.406		
28.440		
28.473		
28.507		
28.540		
28.573		
28.607		
28.640		
28.674		
28.707		
28.741		
28.774		
28.808		
28.841		
28.875		
28.908		
28.941		
28.975		
29.008		
29.042		
29.075		
29.109	141.7	-30.31
29.142		
29.176		
29.209		
29.243		
29.276		
29.310		
29.343		
29.376		
29.410		
29.443		
29.477		
29.510		
29.544		
29.577		
29.611		
29.644		
29.678		
29.711		
29.744		
29.778		
29.811		
29.845		
29.878		
29.912		
29.945		
29.979		
30.012		
30.046		
30.079		
30.113	141.8	-30.40
30.146		
30.179		
30.213		
30.246		
30.280		
30.313		
30.347		
30.380		
30.414		
30.447		
30.481		
30.514		
30.547		
30.581		
30.614		
30.648		
30.681		
30.715		
30.748		
30.782		
30.815		
30.849		
30.882		
30.916		
30.949		
30.982		
31.016		
31.049		
31.083		
31.116	140.7	-30.02
31.150		
31.183		
31.217		
31.250		
31.284		
31.317		
31.350		
31.384		
31.417		
31.451		
31.484		
31.518		
31.551		
31.585		
31.618		
31.652		
31.685		
31.719		
31.752		
31.785		
31.819		
31.852		
31.886		
31.919		
31.953		
31.986		
32.020		
32.053		
32.087		
32.120	140.6	-30.35
32.153		
32.187		
32.220		
32.254		
32.287		
32.321		
32.354		
32.388		
32.421		
32.455		
32.488		
32.522		
32.555		
32.588		
32.622		
32.655		
32.689		
32.722		
32.756		
32.789		
32.823		
32.856		
32.890		
32.923		
32.956		
32.990		
33.023		
33.057		
33.090		
33.124	140.2	-29.91
33.157		
33.191		
33.224		
33.258		
33.291		
33.325		
33.358		
33.391		
33.425		
33.458		
33.492		
33.525		
33.559		
33.592		
33.626		
33.659		
33.693		
33.726		
33.759		
33.793		
33.826		
33.860		
33.893		
33.927		
33.960		
33.994		
34.027		
34.061		
34.094		
34.127	139.7	-29.58
34.161		
34.194		
34.228		
34.261		
34.295		
34.328		
34.362		
34.395		
34.429		
34.462		
34.496		
34.529		
34.562		
34.596		
34.629		
34.663		
34.696		
34.730		
34.763		
34.797		
34.830		
34.864		
34.897		
34.931		
34.964		
34.997		
35.031		
35.064		
35.098		
35.131	141.0	-29.39
35.165		
35.198		
35.232		
35.265		
35.299		
35.332		
35.365		
35.399		
35.432		
35.466		
35.499		
35.533		
35.566		
35.600		
35.633		
35.667		
35.700		
35.733		
35.767		
35.800		
35.834		
35.867		
35.901		
35.934		
35.968		
36.001		
36.035		
36.068		
36.102		
36.135	141.0	-29.43
36.168		
36.202		
36.235		
36.269		
36.302		
36.336		
36.369		
36.403		
36.436		
36.470		
36.503		
36.536		
36.570		
36.603		
36.637		
36.670		
36.704		
36.737		
36.771		
36.804		
36.838		
36.871		
36.905		
36.938		
36.971		
37.005		
37.038		
37.072		
37.105		
37.139	142.4	-30.19
37.172		
37.206		
37.239		
37.273		
37.306		
37.340		
37.373		
37.406		
37.440		
37.473		
37.507		
37.540		
37.574		
37.607		
37.641		
37.674		
37.708		
37.741		
37.774		
37.808		
37.841		
37.875		
37.908		
37.942		
37.975		
38.009		
38.042		
38.076		
38.109		
38.142	142.8	-29.05
38.176		
38.209		
38.243		
38.276		
38.310		
38.343		
38.377		
38.410		
38.444		
38.477		
38.511		
38.544		
38.577		
38.611		
38.644		
38.678		
38.711		
38.745		
38.778		
38.812		
38.845		
38.879		
38.912		
38.946		
38.979		
39.012		
39.046		
39.079		
39.113		
39.146	143.0	-28.87
39.180		
39.213		
39.247		
39.280		
39.314		
39.347		
39.380		
39.414		
39.447		
39.481		
39.514		
39.548		
39.581		
39.615		
39.648		
39.682		
39.715		
39.748		
39.782		
39.815		
39.849		
39.882		
39.916		
39.949		
39.983		
40.016		
40.050		
40.083		
40.117		
40.150	143.2	-29.70
40.183		
40.217		
40.250		
40.284		
40.317		
40.351		
40.384		
40.418		
40.451		
40.485		
40.518		
40.551		
40.585		
40.618		
40.652		
40.685		
40.719		
40.752		
40.786		
40.819		
40.853		
40.886		
40.920		
40.953		
40.986		
41.020		
41.053		
41.087		
41.120		
41.154	142.7	-30.42
41.187		
41.221		
41.254		
41.288		
41.321		
41.355		
41.388		
41.421		
41.455		
41.488		
41.522		
41.555		
41.589		
41.622		
41.656		
41.689		
41.723		
41.756		
41.789		
41.823		
41.856		
41.890		
41.923		
41.957		
41.990		
42.024		
42.057		
42.091		
42.124		
42.157	142.6	-30.43
42.191		
42.224		
42.258		
42.291		
42.325		
42.358		
42.392		
42.425		
42.459		
42.492		
42.526		
42.559		
42.592		
42.626		
42.659		
42.693		
42.726		
42.760		
42.793		
42.827		
42.860		
42.894		
42.927		
42.961		
42.994		
43.027		
43.061		
43.094		
43.128		
43.161	142.1	-31.80
43.195		
43.228		
43.262		
43.295		
43.329		
43.362		
43.395		
43.429		
43.462		
43.496		
43.529		
43.563		
43.596		
43.630		
43.663		
43.697		
43.730		
43.764		
43.797		
43.830		
43.864		
43.897		
43.931		
43.964		
43.998		
44.031		
44.065		
44.098		
44.132		
44.165	142.1	-32.25
44.198		
44.232		
44.265		
44.299		
44.332		
44.366		
44.399		
44.433		
44.466		
44.500		
44.533		
44.566		
44.600		
44.633		
44.667		
44.700		
44.734		
44.767		
44.801		
44.834		
44.868		
44.901		
44.935		
44.968		
45.001		
45.035		
45.068		
45.102		
45.135		
45.169	142.7	-31.60
45.202		
45.236		
45.269		
45.303		
45.336		
45.370		
45.403		
45.436		
45.470		
45.503		
45.537		
45.570		
45.604		
45.637		
45.671		
45.704		
45.738		
45.771		
45.804		
45.838		
45.871		
45.905		
45.938		
45.972		
46.005		
46.039		
46.072		
46.106		
46.139		
46.172	143.7	-31.67
46.206		
46.239		
46.273		
46.306		
46.340		
46.373		
46.407		
46.440		
46.474		
46.507		
46.541		
46.574		
46.607		
46.641		
46.674		
46.708		
46.741		
46.775		
46.808		
46.842		
46.875		
46.909		
46.942		
46.975		
47.009		
47.042		
47.076		
47.109		
47.143		
47.176	143.9	-31.61
47.210		
47.243		
47.277		
47.310		
47.344		
47.377		
47.410		
47.444		
47.477		
47.511		
47.544		
47.578		
47.611		
47.645		
47.678		
47.712		
47.745		
47.779		
47.812		
47.845		
47.879		
47.912		
47.946		
47.979		
48.013		
48.046		
48.080		
48.113		
48.147		
48.180	144.1	-31.47
48.213		
48.247		
48.280		
48.314		
48.347		
48.381		
48.414		
48.448		
48.481		
48.515		
48.548		
48.581		
48.615		
48.648		
48.682		
48.715		
48.749		
48.782		
48.816		
48.849		
48.883		
48.916		
48.950		
48.983		
49.016		
49.050		
49.083		
49.117		
49.150		
49.184	143.7	-32.12
49.217		
49.251		
49.284		
49.318		
49.351		
49.385		
49.418		
49.451		
49.485		
49.518		
49.552		
49.585		
49.619		
49.652		
49.686		
49.719		
49.753		
49.786		
49.819		
49.853		
49.886		
49.920		
49.953		
49.987		
50.020		
50.054		
50.087		
50.121		
50.154		
50.188	144.4	-31.82
50.221		
50.254		
50.288		
50.321		
50.355		
50.388		
50.422		
50.455		
50.489		
50.522		
50.556		
50.589		
50.622		
50.656		
50.689		
50.723		
50.756		
50.790		
50.823		
50.857		
50.890		
50.924		
50.957		
50.990		
51.024		
51.057		
51.091		
51.124		
51.158		
51.191	144.3	-30.74
51.225		
51.258		
51.292		
51.325		
51.359		
51.392		
51.425		
51.459		
51.492		
51.526		
51.559		
51.593		
51.626		
51.660		
51.693		
51.727		
51.760		
51.794		
51.827		
51.860		
51.894		
51.927		
51.961		
51.994		
52.028		
52.061		
52.095		
52.128		
52.162		
52.195	144.8	-31.70
52.228		
52.262		
52.295		
52.329		
52.362		
52.396		
52.429		
52.463		
52.496		
52.530		
52.563		
52.597		
52.630		
52.663		
52.697		
52.730		
52.764		
52.797		
52.831		
52.864		
52.898		
52.931		
52.965		
52.998		
53.031		
53.065		
53.098		
53.132		
53.165		
53.199	144.6	-32.42
53.232		
53.266		
53.299		
53.333		
53.366		
53.400		
53.433		
53.466		
53.500		
53.533		
53.567		
53.600		
53.634		
53.667		
53.701		
53.734		
53.768		
53.801		
53.834		
53.868		
53.901		
53.935		
53.968		
54.002		
54.035		
54.069		
54.102		
54.136		
54.169		
54.203	144.8	-32.48
54.236		
54.269		
54.303		
54.336		
54.370		
54.403		
54.437		
54.470		
54.504		
54.537		
54.571		
54.604		
54.637		
54.671		
54.704		
54.738		
54.771		
54.805		
54.838		
54.872		
54.905		
54.939		
54.972		
55.006		
55.039		
55.072		
55.106		
55.139		
55.173		
55.206	145.1	-33.28
55.240		
55.273		
55.307		
55.340		
55.374		
55.407		
55.440		
55.474		
55.507		
55.541		
55.574		
55.608		
55.641		
55.675		
55.708		
55.742		
55.775		
55.809		
55.842		
55.875		
55.909		
55.942		
55.976		
56.009		
56.043		
56.076		
56.110		
56.143		
56.177		
56.210	145.1	-34.21
56.243		
56.277		
56.310		
56.344		
56.377		
56.411		
56.444		
56.478		
56.511		
56.545		
56.578		
56.612		
56.645		
56.678		
56.712		
56.745		
56.779		
56.812		
56.846		
56.879		
56.913		
56.946		
56.980		
57.013		
57.046		
57.080		
57.113		
57.147		
57.180		
57.214	144.6	-33.20
57.247		
57.281		
57.314		
57.348		
57.381		
57.415		
57.448		
57.481		
57.515		
57.548		
57.582		
57.615		
57.649		
57.682		
57.716		
57.749		
57.783		
57.816		
57.849		
57.883		
57.916		
57.950		
57.983		
58.017		
58.050		
58.084		
58.117		
58.151		
58.184		
58.218	143.9	-33.39
58.251		
58.284		
58.318		
58.351		
58.385		
58.418		
58.452		
58.485		
58.519		
58.552		
58.586		
58.619		
58.652		
58.686		
58.719		
58.753		
58.786		
58.820		
58.853		
58.887		
58.920		
58.954		
58.987		
59.021		
59.054		
59.087		
59.121		
59.154		
59.188		
59.221	143.7	-33.76
59.255		
59.288		
59.322		
59.355		
59.389		
59.422		
59.455		
59.489		
59.522		
59.556		
59.589		
59.623		
59.656		
59.690		
59.723		
59.757		
59.790		
59.824		
59.857		
59.890		
59.924		
59.957		
59.991		
60.024		
60.058		
60.091		
60.125		
60.158		
60.192		
60.225	143.7	-33.59
60.258		
60.292		
60.325		
60.359		
60.392		
60.426		
60.459		
60.493		
60.526		
60.560		
60.593		
60.627		
60.660		
60.693		
60.727		
60.760		
60.794		
60.827		
60.861		
60.894		
60.928		
60.961		
60.995		
61.028		
61.061		
61.095		
61.128		
61.162		
61.195		
61.229	143.1	-34.38
61.262		
61.296		
61.329		
61.363		
61.396		
61.430		
61.463		
61.496		
61.530		
61.563		
61.597		
61.630		
61.664		
61.697		
61.731		
61.764		
61.798		
61.831		
61.864		
61.898		
61.931		
61.965		
61.998		
62.032		
62.065		
62.099		
62.132		
62.166		
62.199		
62.233	143.2	-34.73
62.266		
62.299		
62.333		
62.366		
62.400		
62.433		
62.467		
62.500		
62.534		
62.567		
62.601		
62.634		
62.667		
62.701		
62.734		
62.768		
62.801		
62.835		
62.868		
62.902		
62.935		
62.969		
63.002		
63.036		
63.069		
63.102		
63.136		
63.169		
63.203		
63.236	142.5	-34.22
63.270		
63.303		
63.337		
63.370		
63.404		
63.437		
63.470		
63.504		
63.537		
63.571		
63.604		
63.638		
63.671		
63.705		
63.738		
63.772		
63.805		
63.839		
63.872		
63.905		
63.939		
63.972		
64.006		
64.039		
64.073		
64.106		
64.140		
64.173		
64.207		
64.240	142.3	-35.61
64.273		
64.307		
64.340		
64.374		
64.407		
64.441		
64.474		
64.508		
64.541		
64.575		
64.608		
64.642		
64.675		
64.708		
64.742		
64.775		
64.809		
64.842		
64.876		
64.909		
64.943		
64.976		
65.010		
65.043		
65.076		
65.110		
65.143		
65.177		
65.210		
65.244	141.7	-36.14
65.277		
65.311		
65.344		
65.378		
65.411		
65.445		
65.478		
65.511		
65.545		
65.578		
65.612		
65.645		
65.679		
65.712		
65.746		
65.779		
65.813		
65.846		
65.879		
65.913		
65.946		
65.980		
66.013		
66.047		
66.080		
66.114		
66.147		
66.181		
66.214		
66.248	141.6	-36.29
66.281		
66.314		
66.348		
66.381		
66.415		
66.448		
66.482		
66.515		
66.549		
66.582		
66.616		
66.649		
66.682		
66.716		
66.749		
66.783		
66.816		
66.850		
66.883		
66.917		
66.950		
66.984		
67.017		
67.050		
67.084		
67.117		
67.151		
67.184		
67.218		
67.251	141.1	-36.26
67.285		
67.318		
67.352		
67.385		
67.419		
67.452		
67.485		
67.519		
67.552		
67.586		
67.619		
67.653		
67.686		
67.720		
67.753		
67.787		
67.820		
67.853		
67.887		
67.920		
67.954		
67.987		
68.021		
68.054		
68.088		
68.121		
68.155		
68.188		
68.222		
68.255	140.9	-36.82
68.288		
68.322		
68.355		
68.389		
68.422		
68.456		
68.489		
68.523		
68.556		
68.590		
68.623		
68.656		
68.690		
68.723		
68.757		
68.790		
68.824		
68.857		
68.891		
68.924		
68.958		
68.991		
69.025		
69.058		
69.091		
69.125		
69.158		
69.192		
69.225		
69.259	140.5	-36.98
69.292		
69.326		
69.359		
69.393		
69.426		
69.460		
69.493		
69.526		
69.560		
69.593		
69.627		
69.660		
69.694		
69.727		
69.761		
69.794		
69.828		
69.861		
69.894		
69.928		
69.961		
69.995		
70.028		
70.062		
70.095		
70.129		
70.162		
70.196		
70.229		
70.263	140.1	-37.42
70.296		
70.329		
70.363		
70.396		
70.430		
70.463		
70.497		
70.530		
70.564		
70.597		
70.631		
70.664		
70.697		
70.731		
70.764		
70.798		
70.831		
70.865		
70.898		
70.932		
70.965		
70.999		
71.032		
71.066		
71.099		
71.132		
71.166		
71.199		
71.233		
71.266	141.2	-37.30
71.300		
71.333		
71.367		
71.400		
71.434		
71.467		
71.500		
71.534		
71.567		
71.601		
71.634		
71.668		
71.701		
71.735		
71.768		
71.802		
71.835		
71.868		
71.902		
71.935		
71.969		
72.002		
72.036		
72.069		
72.103		
72.136		
72.170		
72.203		
72.237		
72.270	141.4	-37.35
72.303		
72.337		
72.370		
72.404		
72.437		
72.471		
72.504		
72.538		
72.571		
72.605		
72.638		
72.671		
72.705		
72.738		
72.772		
72.805		
72.839		
72.872		
72.906		
72.939		
72.973		
73.006		
73.040		
73.073		
73.106		
73.140		
73.173		
73.207		
73.240		
73.274		
73.307		
73.341		
73.374		
73.408		
73.441		
73.475		
73.508		
73.541		
73.575		
73.608		
73.642		
73.675		
73.709		
73.742		
73.776		
73.809		
73.843		
73.876		
73.909		
73.943		
73.976		
74.010		
74.043		
74.077		
74.110		
74.144		
74.177		
74.211		
74.244		
74.278		
74.311		
74.344		
74.378		
74.411		
74.445		
74.478		
74.512		
74.545		
74.579		
74.612		
74.646		
74.679		
74.712		
74.746		
74.779		
74.813		
74.846		
74.880		
74.913		
74.947		
74.980		
75.014		
75.047		
75.081		
75.114		
75.147		
75.181		
75.214		
75.248		
75.281		
75.315		
75.348		
75.382		
75.415		
75.449		
75.482		
75.515		
75.549		
75.582		
75.616		
75.649		
75.683		
75.716		
75.750		
75.783		
75.817		
75.850		
75.883		
75.917		
75.950		
75.984		
76.017		
76.051		
76.084		
76.118		
76.151		
76.185		
76.218		
76.252		
76.285		
76.318		
76.352		
76.385		
76.419		
76.452		
76.486		
76.519		
76.553		
76.586		
76.620		
76.653		
76.686		
76.720		
76.753		
76.787		
76.820		
76.854		
76.887		
76.921		
76.954		
76.988		
77.021		
77.055		
77.088		
77.121		
77.155		
77.188		
77.222		
77.255		
77.289		
77.322		
77.356		
77.389		
77.423		
77.456		
77.490		
77.523		
77.556		
77.590		
77.623		
77.657		
77.690		
77.724		
77.757		
77.791		
77.824		
77.858		
77.891		
77.924		
77.958		
77.991		
78.025		
78.058		
78.092		
78.125		
78.159		
78.192		
78.226		
78.259		
78.293		
78.326		
78.359		
78.393		
78.426		
78.460		
78.493		
78.527		
78.560		
78.594		
78.627		
78.661		
78.694		
78.727		
78.761		
78.794		
78.828		
78.861		
78.895		
78.928		
78.962		
78.995		
79.029		
79.062		
79.096		
79.129		
79.162		
79.196		
79.229		
79.263		
79.296		
79.330		
79.363		
79.397		
79.430		
79.464		
79.497		
79.530		
79.564		
79.597		
79.631		
79.664		
79.698		
79.731		
79.765		
79.798		
79.832		
79.865		
79.898		
79.932		
79.965		
79.999		
80.032		
80.066		
80.099		
80.133		
80.166		
80.200		
80.233		
80.267		
80.300		
80.333		
80.367		
80.400		
80.434		
80.467		
80.501		
80.534		
80.568		
80.601		
80.635		
80.668		
80.701		
80.735		
80.768		
80.802		
80.835		
80.869		
80.902		
80.936		
80.969		
81.003		
81.036		
81.070		
81.103		
81.136		
81.170		
81.203		
81.237		
81.270		
81.304		
81.337		
81.371		
81.404		
81.438		
81.471		
81.504		
81.538		
81.571		
81.605		
81.638		
81.672		
81.705		
81.739		
81.772		
81.806		
81.839		
81.873		
81.906		
81.939		
81.973		
82.006		
82.040		
82.073		
82.107		
82.140		
82.174		
82.207		
82.241		
82.274		
82.308		
82.341		
82.374		
82.408		
82.441		
82.475		
82.508		
82.542		
82.575		
82.609		
82.642		
82.676		
82.709		
82.742		
82.776		
82.809		
82.843		
82.876		
82.910		
82.943		
82.977		
83.010		
83.044		
83.077		
83.111		
83.144		
83.177		
83.211		
83.244		
83.278		
83.311		
83.345		
83.378		
83.412		
83.445		
83.479		
83.512		
83.545		
83.579		
83.612		
83.646		
83.679		
83.713		
83.746		
83.780		
83.813		
83.847		
83.880		
83.913		
83.947		
83.980		
84.014		
84.047		
84.081		
84.114		
84.148		
84.181		
84.215		
84.248		
84.282		
84.315		
84.348		
84.382		
84.415		
84.449		
84.482		
84.516		
84.549		
84.583		
84.616		
84.650		
84.683		
84.716		
84.750		
84.783		
84.817		
84.850		
84.884		
84.917		
84.951		
84.984		
85.018		
85.051		
85.085		
85.118		
85.151		
85.185		
85.218		
85.252		
85.285		
85.319		
85.352		
85.386		
85.419		
85.453		
85.486		
85.519		
85.553		
85.586		
85.620		
85.653		
85.687		
85.720		
85.754		
85.787		
85.821		
85.854		
85.888		
85.921		
85.954		
85.988		
86.021		
86.055		
86.088		
86.122		
86.155		
86.189		
86.222		
86.256		
86.289		
86.323		
86.356		
86.389		
86.423		
86.456		
86.490		
86.523		
86.557		
86.590		
86.624		
86.657		
86.691		
86.724		
86.757		
86.791		
86.824		
86.858		
86.891		
86.925		
86.958		
86.992		
87.025		
87.059		
87.092		
87.126		
87.159		
87.192		
87.226		
87.259		
87.293		
87.326		
87.360		
87.393		
87.427		
87.460		
87.494		
87.527		
87.560		
87.594		
87.627		
87.661		
87.694		
87.728		
87.761		
87.795		
87.828		
87.862		
87.895		
87.928		
87.962		
87.995		
88.029		
88.062		
88.096		
88.129		
88.163		
88.196		
88.230		
88.263		
88.297		
88.330		
88.363		
88.397		
88.430		
88.464		
88.497		
88.531		
88.564		
88.598		
88.631		
88.665		
88.698		
88.731		
88.765		
88.798		
88.832		
88.865		
88.899		
88.932		
88.966		
88.999		
89.033		
89.066		
89.100		
89.133		
89.166		
89.200		
89.233		
89.267		
89.300		
89.334		
89.367		
89.401		
89.434		
89.468		
89.501		
89.534		
89.568		
89.601		
89.635		
89.668		
89.702		
89.735		
89.769		
89.802		
89.836		
89.869		
89.903		
89.936		
89.969		
90.003		
90.036		
90.070		
90.103		
90.137		
90.170		
90.204		
90.237		
90.271		
90.304		
90.338		
90.371		
90.404		
90.438		
90.471		
90.505		
90.538		
90.572		
90.605		
90.639		
90.672		
90.706		
90.739		
90.772		
90.806		
90.839		
90.873		
90.906		
90.940		
90.973		
91.007		
91.040		
91.074		
91.107		
91.141		
91.174		
91.207		
91.241		
91.274		
91.308		
91.341	144.0	-37.25
91.375		
91.408		
91.442		
91.475		
91.509		
91.542		
91.575		
91.609		
91.642		
91.676		
91.709		
91.743		
91.776		
91.810		
91.843		
91.877		
91.910		
91.944		
91.977		
92.010		
92.044		
92.077		
92.111		
92.144		
92.178		
92.211		
92.245		
92.278		
92.312		
92.345		
92.378		
92.412		
92.445		
92.479		
92.512		
92.546		
92.579		
92.613		
92.646		
92.680		
92.713		
92.746		
92.780		
92.813		
92.847		
92.880		
92.914		
92.947		
92.981		
93.014		
93.048		
93.081		
93.115		
93.148		
93.181		
93.215		
93.248		
93.282		
93.315		
93.349		
93.382		
93.416		
93.449		
93.483		
93.516		
93.549		
93.583		
93.616		
93.650		
93.683		
93.717		
93.750		
93.784		
93.817		
93.851		
93.884		
93.918		
93.951		
93.984		
94.018		
94.051		
94.085		
94.118		
94.152		
94.185		
94.219		
94.252		
94.286		
94.319		
94.353		
94.386		
94.419		
94.453		
94.486		
94.520		
94.553		
94.587		
94.620		
94.654		
94.687		
94.721		
94.754		
94.787		
94.821		
94.854		
94.888		
94.921		
94.955		
94.988		
95.022		
95.055		
95.089		
95.122		
95.156		
95.189		
95.222		
95.256		
95.289		
95.323		
95.356		
95.390		
95.423		
95.457		
95.490		
95.524		
95.557		
95.590		
95.624		
95.657		
95.691		
95.724		
95.758		
95.791		
95.825		
95.858		
95.892		
95.925		
95.959		
95.992		
96.025		
96.059		
96.092		
96.126		
96.159		
96.193		
96.226		
96.260		
96.293		
96.327		
96.360		
96.393		
96.427		
96.460		
96.494		
96.527		
96.561		
96.594		
96.628		
96.661		
96.695		
96.728		
96.761		
96.795		
96.828		
96.862		
96.895		
96.929		
96.962		
96.996		
97.029		
97.063		
97.096		
97.130		
97.163		
97.196		
97.230		
97.263		
97.297		
97.330		
97.364		
97.397		
97.431		
97.464		
97.498		
97.531		
97.564		
97.598		
97.631		
97.665		
97.698		
97.732		
97.765		
97.799		
97.832		
97.866		
97.899		
97.933		
97.966		
97.999		
98.033		
98.066		
98.100		
98.133		
98.167		
98.200		
98.234		
98.267		
98.301		
98.334		
98.368		
98.401		
98.434		
98.468		
98.501		
98.535		
98.568		
98.602		
98.635		
98.669		
98.702		
98.736		
98.769		
98.802		
98.836		
98.869		
98.903		
98.936		
98.970		
99.003		
99.037		
99.070		
99.104		
99.137		
99.171		
99.204		
99.237		
99.271		
99.304		
99.338		
99.371		
99.405		
99.438		
99.472		
99.505		
99.539		
99.572		
99.605		
99.639		
99.672		
99.706		
99.739		
99.773		
99.806		
99.840		
99.873		
99.907		
99.940		
99.974		
100.007		
100.040		
100.074		
100.107		
100.141		
100.174		
100.208		
100.241		
100.275		
100.308		
100.342		
100.375		
100.408		
100.442		
100.475		
100.509		
100.542		
100.576		
100.609		
100.643		
100.676		
100.710		
100.743		
100.776		
100.810		
100.843		
100.877		
100.910		
100.944		
100.977		
101.011		
101.044		
101.078		
101.111		
101.145		
101.178		
101.211		
101.245		
101.278		
101.312		
101.345		
101.379		
101.412		
101.446		
101.479		
101.513		
101.546		
101.579		
101.613		
101.646		
101.680		
101.713		
101.747		
101.780		
101.814		
101.847		
101.881		
101.914		
101.948		
101.981		
102.014		
102.048		
102.081		
102.115		
102.148		
102.182		
102.215		
102.249		
102.282		
102.316		
102.349		
102.382		
102.416		
102.449		
102.483		
102.516		
102.550		
102.583		
102.617		
102.650		
102.684		
102.717		
102.751		
102.784		
102.817		
102.851		
102.884		
102.918		
102.951		
102.985		
103.018		
103.052		
103.085		
103.119		
103.152		
103.186		
103.219		
103.252		
103.286		
103.319		
103.353		
103.386		
103.420		
103.453		
103.487		
103.520		
103.554		
103.587		
103.620		
103.654		
103.687		
103.721		
103.754		
103.788		
103.821		
103.855		
103.888		
103.922		
103.955		
103.989		
104.022		
104.055		
104.089		
104.122		
104.156		
104.189		
104.223		
104.256		
104.290		
104.323		
104.357		
104.390		
104.423		
104.457		
104.490		
104.524		
104.557		
104.591		
104.624		
104.658		
104.691		
104.725		
104.758		
104.792		
104.825		
104.858		
104.892		
104.925		
104.959		
104.992		
105.026		
105.059		
105.093		
105.126		
105.160		
105.193		
105.226		
105.260		
105.293		
105.327		
105.360		
105.394		
105.427		
105.461		
105.494		
105.528		
105.561		
105.595		
105.628		
105.661		
105.695		
105.728		
105.762		
105.795		
105.829		
105.862		
105.896		
105.929		
105.963		
105.996		
106.029		
106.063		
106.096		
106.130		
106.163		
106.197		
106.230		
106.264		
106.297		
106.331		
106.364		
106.398		
106.431		
106.464		
106.498		
106.531		
106.565		
106.598		
106.632		
106.665		
106.699		
106.732		
106.766		
106.799		
106.832		
106.866		
106.899		
106.933		
106.966		
107.000		
107.033		
107.067		
107.100		
107.134		
107.167		
107.201		
107.234		
107.267		
107.301		
107.334		
107.368		
107.401		
107.435		
107.468		
107.502		
107.535		
107.569		
107.602		
107.635		
107.669		
107.702		
107.736		
107.769		
107.803		
107.836		
107.870		
107.903		
107.937		
107.970		
108.004		
108.037		
108.070		
108.104		
108.137		
108.171		
108.204		
108.238		
108.271		
108.305		
108.338		
108.372		
108.405		
108.438		
108.472		
108.505		
108.539		
108.572		
108.606		
108.639		
108.673		
108.706		
108.740		
108.773		
108.807		
108.840		
108.873		
108.907		
108.940		
108.974		
109.007		
109.041		
109.074		
109.108		
109.141		
109.175		
109.208		
109.241		
109.275		
109.308		
109.342		
109.375		
109.409		
109.442		
109.476		
109.509		
109.543		
109.576		
109.610		
109.643		
109.676		
109.710		
109.743		
109.777		
109.810		
109.844		
109.877		
109.911		
109.944		
109.978		
110.011		
110.044		
110.078		
110.111		
110.145		
110.178		
110.212		
110.245		
110.279		
110.312		
110.346		
110.379		
110.413		
110.446		
110.479		
110.513		
110.546		
110.580		
110.613		
110.647		
110.680		
110.714		
110.747		
110.781		
110.814		
110.847		
110.881		
110.914		
110.948		
110.981		
111.015		
111.048		
111.082		
111.115		
111.149		
111.182		
111.216		
111.249		
111.282		
111.316		
111.349		
111.383		
111.416		
111.450		
111.483		
111.517		
111.550		
111.584		
111.617		
111.650		
111.684		
111.717		
111.751		
111.784		
111.818		
111.851		
111.885		
111.918		
111.952		
111.985		
112.019		
112.052		
112.085		
112.119		
112.152		
112.186		
112.219		
112.253		
112.286		
112.320		
112.353		
112.387		
112.420		
112.453		
112.487		
112.520		
112.554		
112.587		
112.621		
112.654		
112.688		
112.721		
112.755		
112.788		
112.822		
112.855		
112.888		
112.922		
112.955		
112.989		
113.022		
113.056		
113.089		
113.123		
113.156		
113.190		
113.223		
113.256		
113.290		
113.323		
113.357		
113.390		
113.424		
113.457		
113.491		
113.524		
113.558		
113.591		
113.625		
113.658		
113.691		
113.725		
113.758		
113.792		
113.825		
113.859		
113.892		
113.926		
113.959		
113.993		
114.026		
114.059		
114.093		
114.126		
114.160		
114.193		
114.227		
114.260		
114.294		
114.327		
114.361		
114.394		
114.428		
114.461		
114.494		
114.528		
114.561		
114.595		
114.628		
114.662		
114.695		
114.729		
114.762		
114.796		
114.829		
114.862		
114.896		
114.929		
114.963		
114.996		
115.030		
115.063		
115.097		
115.130		
115.164		
115.197		
115.231		
115.264		
115.297		
115.331		
115.364		
115.398		
115.431	140.8	-37.39
115.465		
115.498		
115.532		
115.565		
115.599		
115.632		
115.665		
115.699		
115.732		
115.766		
115.799		
115.833		
115.866		
115.900		
115.933		
115.967		
116.000		
116.034		
116.067		
116.100		
116.134		
116.167		
116.201		
116.234		
116.268		
116.301		
116.335		
116.368		
116.402		
116.435	140.7	-37.58
116.468		
116.502		
116.535		
116.569		
116.602		
116.636		
116.669		
116.703		
116.736		
116.770		
116.803		
116.837		
116.870		
116.903		
116.937		
116.970		
117.004		
117.037		
117.071		
117.104		
117.138		
117.171		
117.205		
117.238		
117.271		
117.305		
117.338		
117.372		
117.405		
117.439	142.3	-37.49
117.472		
117.506		
117.539		
117.573		
117.606		
117.640		
117.673		
117.706		
117.740		
117.773		
117.807		
117.840		
117.874		
117.907		
117.941		
117.974		
118.008		
118.041		
118.074		
118.108		
118.141		
118.175		
118.208		
118.242		
118.275		
118.309		
118.342		
118.376		
118.409		
118.443	143.1	-37.08
118.476		
118.509		
118.543		
118.576		
118.610		
118.643		
118.677		
118.710		
118.744		
118.777		
118.811		
118.844		
118.877		
118.911		
118.944		
118.978		
119.011		
119.045		
119.078		
119.112		
119.145		
119.179		
119.212		
119.246		
119.279		
119.312		
119.346		
119.379		
119.413		
119.446	142.8	-37.34
119.480		
119.513		
119.547		
119.580		
119.614		
119.647		
119.680		
119.714		
119.747		
119.781		
119.814		
119.848		
119.881		
119.915		
119.948		
119.982		
120.015		
120.049		
120.082		
120.115		
120.149		
120.182		
120.216		
120.249		
120.283		
120.316		
120.350		
120.383		
120.417		
120.450	142.8	-37.27
120.483		
120.517		
120.550		
120.584		
120.617		
120.651		
120.684		
120.718		
120.751		
120.785		
120.818		
120.852		
120.885		
120.918		
120.952		
120.985		
121.019		
121.052		
121.086		
121.119		
121.153		
121.186		
121.220		
121.253		
121.286		
121.320		
121.353		
121.387		
121.420		
121.454	143.2	-37.20
121.487		
121.521		
121.554		
121.588		
121.621		
121.655		
121.688		
121.721		
121.755		
121.788		
121.822		
121.855		
121.889		
121.922		
121.956		
121.989		
122.023		
122.056		
122.089		
122.123		
122.156		
122.190		
122.223		
122.257		
122.290		
122.324		
122.357		
122.391		
122.424		
122.458		
122.491		
122.524		
122.558		
122.591		
122.625		
122.658		
122.692		
122.725		
122.759		
122.792		
122.826		
122.859		
122.892		
122.926		
122.959		
122.993		
123.026		
123.060		
123.093		
123.127		
123.160		
123.194		
123.227		
123.261		
123.294		
123.327		
123.361		
123.394		
123.428		
123.461	143.3	-37.70
123.495		
123.528		
123.562		
123.595		
123.629		
123.662		
123.695		
123.729		
123.762		
123.796		
123.829		
123.863		
123.896		
123.930		
123.963		
123.997		
124.030		
124.064		
124.097		
124.130		
124.164		
124.197		
124.231		
124.264		
124.298		
124.331		
124.365		
124.398		
124.432		
124.465	143.4	-37.80
124.498		
124.532		
124.565		
124.599		
124.632		
124.666		
124.699		
124.733		
124.766		
124.800		
124.833		
124.867		
124.900		
124.933		
124.967		
125.000		
125.034		
125.067		
125.101		
125.134		
125.168		
125.201		
125.235		
125.268		
125.301		
125.335		
125.368		
125.402		
125.435		
125.469	142.6	-37.81
125.502		
125.536		
125.569		
125.603		
125.636		
125.670		
125.703		
125.736		
125.770		
125.803		
125.837		
125.870		
125.904		
125.937		
125.971		
126.004		
126.038		
126.071		
126.104		
126.138		
126.171		
126.205		
126.238		
126.272		
126.305		
126.339		
126.372		
126.406		
126.439		
126.473	142.4	-37.75
126.506		
126.539		
126.573		
126.606		
126.640		
126.673		
126.707		
126.740		
126.774		
126.807		
126.841		
126.874		
126.907		
126.941		
126.974		
127.008		
127.041		
127.075		
127.108		
127.142		
127.175		
127.209		
127.242		
127.276		
127.309		
127.342		
127.376		
127.409		
127.443		
127.476	142.6	-35.91
127.510		
127.543		
127.577		
127.610		
127.644		
127.677		
127.710		
127.744		
127.777		
127.811		
127.844		
127.878		
127.911		
127.945		
127.978		
128.012		
128.045		
128.079		
128.112		
128.145		
128.179		
128.212		
128.246		
128.279		
128.313		
128.346		
128.380		
128.413		
128.447		
128.480	142.9	-35.94
