	质量 H		
t	x	y	
0.000	144.3	-36.18
0.033		
0.067		
0.100		
0.134		
0.167		
0.201		
0.234		
0.268		
0.301		
0.335		
0.368		
0.402		
0.435		
0.469		
0.502		
0.536		
0.569		
0.602		
0.636		
0.669		
0.703		
0.736		
0.770		
0.803		
0.837		
0.870		
0.904		
0.937		
0.971		
1.004	144.2	-36.18
1.038		
1.071		
1.104		
1.138		
1.171		
1.205		
1.238		
1.272		
1.305		
1.339		
1.372		
1.406		
1.439		
1.473		
1.506		
1.540		
1.573		
1.607		
1.640		
1.673		
1.707		
1.740		
1.774		
1.807		
1.841		
1.874		
1.908		
1.941		
1.975		
2.008	143.9	-37.19
2.042		
2.075		
2.109		
2.142		
2.175		
2.209		
2.242		
2.276		
2.309		
2.343		
2.376		
2.410		
2.443		
2.477		
2.510		
2.544		
2.577		
2.611		
2.644		
2.678		
2.711		
2.744		
2.778		
2.811		
2.845		
2.878		
2.912		
2.945		
2.979		
3.012	143.6	-36.86
3.046		
3.079		
3.113		
3.146		
3.180		
3.213		
3.247		
3.280		
3.313		
3.347		
3.380		
3.414		
3.447		
3.481		
3.514		
3.548		
3.581		
3.615		
3.648		
3.682		
3.715		
3.749		
3.782		
3.815		
3.849		
3.882		
3.916		
3.949		
3.983		
4.016	142.8	-37.08
4.050		
4.083		
4.117		
4.150		
4.184		
4.217		
4.251		
4.284		
4.318		
4.351		
4.384		
4.418		
4.451		
4.485		
4.518		
4.552		
4.585		
4.619		
4.652		
4.686		
4.719		
4.753		
4.786		
4.820		
4.853		
4.886		
4.920		
4.953		
4.987		
5.020	142.7	-36.31
5.054		
5.087		
5.121		
5.154		
5.188		
5.221		
5.255		
5.288		
5.322		
5.355		
5.389		
5.422		
5.455		
5.489		
5.522		
5.556		
5.589		
5.623		
5.656		
5.690		
5.723		
5.757		
5.790		
5.824		
5.857		
5.891		
5.924		
5.958		
5.991		
6.024	142.8	-36.21
6.058		
6.091		
6.125		
6.158		
6.192		
6.225		
6.259		
6.292		
6.326		
6.359		
6.393		
6.426		
6.460		
6.493		
6.526		
6.560		
6.593		
6.627		
6.660		
6.694		
6.727		
6.761		
6.794		
6.828		
6.861		
6.895		
6.928		
6.962		
6.995		
7.029	143.4	-35.87
7.062		
7.095		
7.129		
7.162		
7.196		
7.229		
7.263		
7.296		
7.330		
7.363		
7.397		
7.430		
7.464		
7.497		
7.531		
7.564		
7.597		
7.631		
7.664		
7.698		
7.731		
7.765		
7.798		
7.832		
7.865		
7.899		
7.932		
7.966		
7.999		
8.033	143.5	-34.85
8.066		
8.100		
8.133		
8.166		
8.200		
8.233		
8.267		
8.300		
8.334		
8.367		
8.401		
8.434		
8.468		
8.501		
8.535		
8.568		
8.602		
8.635		
8.669		
8.702		
8.735		
8.769		
8.802		
8.836		
8.869		
8.903		
8.936		
8.970		
9.003		
9.037	143.1	-34.65
9.070		
9.104		
9.137		
9.171		
9.204		
9.237		
9.271		
9.304		
9.338		
9.371		
9.405		
9.438		
9.472		
9.505		
9.539		
9.572		
9.606		
9.639		
9.673		
9.706		
9.740		
9.773		
9.806		
9.840		
9.873		
9.907		
9.940		
9.974		
10.007		
10.041	142.9	-35.25
10.074		
10.108		
10.141		
10.175		
10.208		
10.242		
10.275		
10.308		
10.342		
10.375		
10.409		
10.442		
10.476		
10.509		
10.543		
10.576		
10.610		
10.643		
10.677		
10.710		
10.744		
10.777		
10.811		
10.844		
10.877		
10.911		
10.944		
10.978		
11.011		
11.045	142.1	-34.62
11.078		
11.112		
11.145		
11.179		
11.212		
11.246		
11.279		
11.313		
11.346		
11.380		
11.413		
11.446		
11.480		
11.513		
11.547		
11.580		
11.614		
11.647		
11.681		
11.714		
11.748		
11.781		
11.815		
11.848		
11.882		
11.915		
11.948		
11.982		
12.015		
12.049	142.1	-34.66
12.082		
12.116		
12.149		
12.183		
12.216		
12.250		
12.283		
12.317		
12.350		
12.384		
12.417		
12.451		
12.484		
12.517		
12.551		
12.584		
12.618		
12.651		
12.685		
12.718		
12.752		
12.785		
12.819		
12.852		
12.886		
12.919		
12.953		
12.986		
13.019		
13.053	142.2	-36.48
13.086		
13.120		
13.153		
13.187		
13.220		
13.254		
13.287		
13.321		
13.354		
13.388		
13.421		
13.455		
13.488		
13.522		
13.555		
13.588		
13.622		
13.655		
13.689		
13.722		
13.756		
13.789		
13.823		
13.856		
13.890		
13.923		
13.957		
13.990		
14.024		
14.057	142.7	-36.83
14.091		
14.124		
14.157		
14.191		
14.224		
14.258		
14.291		
14.325		
14.358		
14.392		
14.425		
14.459		
14.492		
14.526		
14.559		
14.593		
14.626		
14.659		
14.693		
14.726		
14.760		
14.793		
14.827		
14.860		
14.894		
14.927		
14.961		
14.994		
15.028		
15.061	142.6	-35.98
15.095		
15.128		
15.162		
15.195		
15.228		
15.262		
15.295		
15.329		
15.362		
15.396		
15.429		
15.463		
15.496		
15.530		
15.563		
15.597		
15.630		
15.664		
15.697		
15.730		
15.764		
15.797		
15.831		
15.864		
15.898		
15.931		
15.965		
15.998		
16.032		
16.065	143.1	-35.74
16.099		
16.132		
16.166		
16.199		
16.233		
16.266		
16.299		
16.333		
16.366		
16.400		
16.433		
16.467		
16.500		
16.534		
16.567		
16.601		
16.634		
16.668		
16.701		
16.735		
16.768		
16.802		
16.835		
16.868		
16.902		
16.935		
16.969		
17.002		
17.036		
17.069	143.1	-36.34
17.103		
17.136		
17.170		
17.203		
17.237		
17.270		
17.304		
17.337		
17.370		
17.404		
17.437		
17.471		
17.504		
17.538		
17.571		
17.605		
17.638		
17.672		
17.705		
17.739		
17.772		
17.806		
17.839		
17.873		
17.906		
17.939		
17.973		
18.006		
18.040		
18.073	143.0	-36.29
18.107		
18.140		
18.174		
18.207		
18.241		
18.274		
18.308		
18.341		
18.375		
18.408		
18.441		
18.475		
18.508		
18.542		
18.575		
18.609		
18.642		
18.676		
18.709		
18.743		
18.776		
18.810		
18.843		
18.877		
18.910		
18.944		
18.977		
19.010		
19.044		
19.077	142.7	-35.49
19.111		
19.144		
19.178		
19.211		
19.245		
19.278		
19.312		
19.345		
19.379		
19.412		
19.446		
19.479		
19.513		
19.546		
19.579		
19.613		
19.646		
19.680		
19.713		
19.747		
19.780		
19.814		
19.847		
19.881		
19.914		
19.948		
19.981		
20.015		
20.048		
20.081	143.4	-34.82
20.115		
20.148		
20.182		
20.215		
20.249		
20.282		
20.316		
20.349		
20.383		
20.416		
20.450		
20.483		
20.517		
20.550		
20.584		
20.617		
20.650		
20.684		
20.717		
20.751		
20.784		
20.818		
20.851		
20.885		
20.918		
20.952		
20.985		
21.019		
21.052		
21.086	143.5	-34.63
21.119		
21.152		
21.186		
21.219		
21.253		
21.286		
21.320		
21.353		
21.387		
21.420		
21.454		
21.487		
21.521		
21.554		
21.588		
21.621		
21.655		
21.688		
21.721		
21.755		
21.788		
21.822		
21.855		
21.889		
21.922		
21.956		
21.989		
22.023		
22.056		
22.090	142.8	-33.87
22.123		
22.157		
22.190		
22.224		
22.257		
22.290		
22.324		
22.357		
22.391		
22.424		
22.458		
22.491		
22.525		
22.558		
22.592		
22.625		
22.659		
22.692		
22.726		
22.759		
22.792		
22.826		
22.859		
22.893		
22.926		
22.960		
22.993		
23.027		
23.060		
23.094	142.6	-33.16
23.127		
23.161		
23.194		
23.228		
23.261		
23.295		
23.328		
23.361		
23.395		
23.428		
23.462		
23.495		
23.529		
23.562		
23.596		
23.629		
23.663		
23.696		
23.730		
23.763		
23.797		
23.830		
23.863		
23.897		
23.930		
23.964		
23.997		
24.031		
24.064		
24.098	142.7	-33.28
24.131		
24.165		
24.198		
24.232		
24.265		
24.299		
24.332		
24.366		
24.399		
24.432		
24.466		
24.499		
24.533		
24.566		
24.600		
24.633		
24.667		
24.700		
24.734		
24.767		
24.801		
24.834		
24.868		
24.901		
24.935		
24.968		
25.001		
25.035		
25.068		
25.102	143.9	-31.58
25.135		
25.169		
25.202		
25.236		
25.269		
25.303		
25.336		
25.370		
25.403		
25.437		
25.470		
25.503		
25.537		
25.570		
25.604		
25.637		
25.671		
25.704		
25.738		
25.771		
25.805		
25.838		
25.872		
25.905		
25.939		
25.972		
26.006		
26.039		
26.072		
26.106	144.3	-30.82
26.139		
26.173		
26.206		
26.240		
26.273		
26.307		
26.340		
26.374		
26.407		
26.441		
26.474		
26.508		
26.541		
26.574		
26.608		
26.641		
26.675		
26.708		
26.742		
26.775		
26.809		
26.842		
26.876		
26.909		
26.943		
26.976		
27.010		
27.043		
27.077		
27.110	143.9	-29.95
27.143		
27.177		
27.210		
27.244		
27.277		
27.311		
27.344		
27.378		
27.411		
27.445		
27.478		
27.512		
27.545		
27.579		
27.612		
27.646		
27.679		
27.712		
27.746		
27.779		
27.813		
27.846		
27.880		
27.913		
27.947		
27.980		
28.014		
28.047		
28.081		
28.114	144.3	-30.38
28.148		
28.181		
28.214		
28.248		
28.281		
28.315		
28.348		
28.382		
28.415		
28.449		
28.482		
28.516		
28.549		
28.583		
28.616		
28.650		
28.683		
28.717		
28.750		
28.783		
28.817		
28.850		
28.884		
28.917		
28.951		
28.984		
29.018		
29.051		
29.085		
29.118	144.0	-30.76
29.152		
29.185		
29.219		
29.252		
29.285		
29.319		
29.352		
29.386		
29.419		
29.453		
29.486		
29.520		
29.553		
29.587		
29.620		
29.654		
29.687		
29.721		
29.754		
29.788		
29.821		
29.854		
29.888		
29.921		
29.955		
29.988		
30.022		
30.055		
30.089		
30.122	143.9	-30.65
30.156		
30.189		
30.223		
30.256		
30.290		
30.323		
30.357		
30.390		
30.423		
30.457		
30.490		
30.524		
30.557		
30.591		
30.624		
30.658		
30.691		
30.725		
30.758		
30.792		
30.825		
30.859		
30.892		
30.925		
30.959		
30.992		
31.026		
31.059		
31.093		
31.126	143.3	-31.81
31.160		
31.193		
31.227		
31.260		
31.294		
31.327		
31.361		
31.394		
31.428		
31.461		
31.494		
31.528		
31.561		
31.595		
31.628		
31.662		
31.695		
31.729		
31.762		
31.796		
31.829		
31.863		
31.896		
31.930		
31.963		
31.996		
32.030		
32.063		
32.097		
32.130	143.5	-32.31
32.164		
32.197		
32.231		
32.264		
32.298		
32.331		
32.365		
32.398		
32.432		
32.465		
32.499		
32.532		
32.565		
32.599		
32.632		
32.666		
32.699		
32.733		
32.766		
32.800		
32.833		
32.867		
32.900		
32.934		
32.967		
33.001		
33.034		
33.068		
33.101		
33.134	144.2	-31.59
33.168		
33.201		
33.235		
33.268		
33.302		
33.335		
33.369		
33.402		
33.436		
33.469		
33.503		
33.536		
33.570		
33.603		
33.636		
33.670		
33.703		
33.737		
33.770		
33.804		
33.837		
33.871		
33.904		
33.938		
33.971		
34.005		
34.038		
34.072		
34.105		
34.139	143.6	-32.38
34.172		
34.205		
34.239		
34.272		
34.306		
34.339		
34.373		
34.406		
34.440		
34.473		
34.507		
34.540		
34.574		
34.607		
34.641		
34.674		
34.707		
34.741		
34.774		
34.808		
34.841		
34.875		
34.908		
34.942		
34.975		
35.009		
35.042		
35.076		
35.109		
35.143	144.5	-32.38
35.176		
35.210		
35.243		
35.276		
35.310		
35.343		
35.377		
35.410		
35.444		
35.477		
35.511		
35.544		
35.578		
35.611		
35.645		
35.678		
35.712		
35.745		
35.779		
35.812		
35.845		
35.879		
35.912		
35.946		
35.979		
36.013		
36.046		
36.080		
36.113		
36.147	144.3	-32.17
36.180		
36.214		
36.247		
36.281		
36.314		
36.347		
36.381		
36.414		
36.448		
36.481		
36.515		
36.548		
36.582		
36.615		
36.649		
36.682		
36.716		
36.749		
36.783		
36.816		
36.850		
36.883		
36.916		
36.950		
36.983		
37.017		
37.050		
37.084		
37.117		
37.151	145.5	-33.28
37.184		
37.218		
37.251		
37.285		
37.318		
37.352		
37.385		
37.418		
37.452		
37.485		
37.519		
37.552		
37.586		
37.619		
37.653		
37.686		
37.720		
37.753		
37.787		
37.820		
37.854		
37.887		
37.921		
37.954		
37.987		
38.021		
38.054		
38.088		
38.121		
38.155	145.5	-33.61
38.188		
38.222		
38.255		
38.289		
38.322		
38.356		
38.389		
38.423		
38.456		
38.490		
38.523		
38.556		
38.590		
38.623		
38.657		
38.690		
38.724		
38.757		
38.791		
38.824		
38.858		
38.891		
38.925		
38.958		
38.992		
39.025		
39.058		
39.092		
39.125		
39.159	145.9	-32.87
39.192		
39.226		
39.259		
39.293		
39.326		
39.360		
39.393		
39.427		
39.460		
39.494		
39.527		
39.561		
39.594		
39.627		
39.661		
39.694		
39.728		
39.761		
39.795		
39.828		
39.862		
39.895		
39.929		
39.962		
39.996		
40.029		
40.063		
40.096		
40.129		
40.163	145.4	-33.85
40.196		
40.230		
40.263		
40.297		
40.330		
40.364		
40.397		
40.431		
40.464		
40.498		
40.531		
40.565		
40.598		
40.632		
40.665		
40.698		
40.732		
40.765		
40.799		
40.832		
40.866		
40.899		
40.933		
40.966		
41.000		
41.033		
41.067		
41.100		
41.134		
41.167	145.9	-34.24
41.201		
41.234		
41.267		
41.301		
41.334		
41.368		
41.401		
41.435		
41.468		
41.502		
41.535		
41.569		
41.602		
41.636		
41.669		
41.703		
41.736		
41.769		
41.803		
41.836		
41.870		
41.903		
41.937		
41.970		
42.004		
42.037		
42.071		
42.104		
42.138		
42.171	145.7	-34.19
42.205		
42.238		
42.272		
42.305		
42.338		
42.372		
42.405		
42.439		
42.472		
42.506		
42.539		
42.573		
42.606		
42.640		
42.673		
42.707		
42.740		
42.774		
42.807		
42.840		
42.874		
42.907		
42.941		
42.974		
43.008		
43.041		
43.075		
43.108		
43.142		
43.175	145.3	-33.08
43.209		
43.242		
43.276		
43.309		
43.343		
43.376		
43.409		
43.443		
43.476		
43.510		
43.543		
43.577		
43.610		
43.644		
43.677		
43.711		
43.744		
43.778		
43.811		
43.845		
43.878		
43.912		
43.945		
43.978		
44.012		
44.045		
44.079		
44.112		
44.146		
44.179	145.2	-32.66
44.213		
44.246		
44.280		
44.313		
44.347		
44.380		
44.414		
44.447		
44.480		
44.514		
44.547		
44.581		
44.614		
44.648		
44.681		
44.715		
44.748		
44.782		
44.815		
44.849		
44.882		
44.916		
44.949		
44.983		
45.016		
45.049		
45.083		
45.116		
45.150		
45.183	145.0	-32.67
45.217		
45.250		
45.284		
45.317		
45.351		
45.384		
45.418		
45.451		
45.485		
45.518		
45.551		
45.585		
45.618		
45.652		
45.685		
45.719		
45.752		
45.786		
45.819		
45.853		
45.886		
45.920		
45.953		
45.987		
46.020		
46.054		
46.087		
46.120		
46.154		
46.187	145.4	-31.96
46.221		
46.254		
46.288		
46.321		
46.355		
46.388		
46.422		
46.455		
46.489		
46.522		
46.556		
46.589		
46.623		
46.656		
46.689		
46.723		
46.756		
46.790		
46.823		
46.857		
46.890		
46.924		
46.957		
46.991		
47.024		
47.058		
47.091		
47.125		
47.158		
47.191	145.9	-31.63
47.225		
47.258		
47.292		
47.325		
47.359		
47.392		
47.426		
47.459		
47.493		
47.526		
47.560		
47.593		
47.627		
47.660		
47.694		
47.727		
47.760		
47.794		
47.827		
47.861		
47.894		
47.928		
47.961		
47.995		
48.028		
48.062		
48.095		
48.129		
48.162		
48.196	146.0	-31.72
48.229		
48.262		
48.296		
48.329		
48.363		
48.396		
48.430		
48.463		
48.497		
48.530		
48.564		
48.597		
48.631		
48.664		
48.698		
48.731		
48.765		
48.798		
48.831		
48.865		
48.898		
48.932		
48.965		
48.999		
49.032		
49.066		
49.099		
49.133		
49.166		
49.200	145.0	-31.73
49.233		
49.267		
49.300		
49.334		
49.367		
49.400		
49.434		
49.467		
49.501		
49.534		
49.568		
49.601		
49.635		
49.668		
49.702		
49.735		
49.769		
49.802		
49.836		
49.869		
49.902		
49.936		
49.969		
50.003		
50.036		
50.070		
50.103		
50.137		
50.170		
50.204	145.9	-31.11
50.237		
50.271		
50.304		
50.338		
50.371		
50.405		
50.438		
50.471		
50.505		
50.538		
50.572		
50.605		
50.639		
50.672		
50.706		
50.739		
50.773		
50.806		
50.840		
50.873		
50.907		
50.940		
50.973		
51.007		
51.040		
51.074		
51.107		
51.141		
51.174		
51.208	146.0	-31.12
51.241		
51.275		
51.308		
51.342		
51.375		
51.409		
51.442		
51.476		
51.509		
51.542		
51.576		
51.609		
51.643		
51.676		
51.710		
51.743		
51.777		
51.810		
51.844		
51.877		
51.911		
51.944		
51.978		
52.011		
52.045		
52.078		
52.111		
52.145		
52.178		
52.212	146.1	-30.27
52.245		
52.279		
52.312		
52.346		
52.379		
52.413		
52.446		
52.480		
52.513		
52.547		
52.580		
52.613		
52.647		
52.680		
52.714		
52.747		
52.781		
52.814		
52.848		
52.881		
52.915		
52.948		
52.982		
53.015		
53.049		
53.082		
53.116		
53.149		
53.182		
53.216	145.2	-29.64
53.249		
53.283		
53.316		
53.350		
53.383		
53.417		
53.450		
53.484		
53.517		
53.551		
53.584		
53.618		
53.651		
53.684		
53.718		
53.751		
53.785		
53.818		
53.852		
53.885		
53.919		
53.952		
53.986		
54.019		
54.053		
54.086		
54.120		
54.153		
54.187		
54.220	145.1	-29.45
54.253		
54.287		
54.320		
54.354		
54.387		
54.421		
54.454		
54.488		
54.521		
54.555		
54.588		
54.622		
54.655		
54.689		
54.722		
54.756		
54.789		
54.822		
54.856		
54.889		
54.923		
54.956		
54.990		
55.023		
55.057		
55.090		
55.124		
55.157		
55.191		
55.224	145.6	-30.31
55.258		
55.291		
55.324		
55.358		
55.391		
55.425		
55.458		
55.492		
55.525		
55.559		
55.592		
55.626		
55.659		
55.693		
55.726		
55.760		
55.793		
55.827		
55.860		
55.893		
55.927		
55.960		
55.994		
56.027		
56.061		
56.094		
56.128		
56.161		
56.195		
56.228	144.9	-29.54
56.262		
56.295		
56.329		
56.362		
56.395		
56.429		
56.462		
56.496		
56.529		
56.563		
56.596		
56.630		
56.663		
56.697		
56.730		
56.764		
56.797		
56.831		
56.864		
56.898		
56.931		
56.964		
56.998		
57.031		
57.065		
57.098		
57.132		
57.165		
57.199		
57.232	144.0	-28.85
57.266		
57.299		
57.333		
57.366		
57.400		
57.433		
57.467		
57.500		
57.533		
57.567		
57.600		
57.634		
57.667		
57.701		
57.734		
57.768		
57.801		
57.835		
57.868		
57.902		
57.935		
57.969		
58.002		
58.035		
58.069		
58.102		
58.136		
58.169		
58.203		
58.236	144.0	-28.77
58.270		
58.303		
58.337		
58.370		
58.404		
58.437		
58.471		
58.504		
58.538		
58.571		
58.604		
58.638		
58.671		
58.705		
58.738		
58.772		
58.805		
58.839		
58.872		
58.906		
58.939		
58.973		
59.006		
59.040		
59.073		
59.106		
59.140		
59.173		
59.207		
59.240	142.6	-29.86
59.274		
59.307		
59.341		
59.374		
59.408		
59.441		
59.475		
59.508		
59.542		
59.575		
59.609		
59.642		
59.675		
59.709		
59.742		
59.776		
59.809		
59.843		
59.876		
59.910		
59.943		
59.977		
60.010		
60.044		
60.077		
60.111		
60.144		
60.178		
60.211		
60.244	142.5	-30.04
60.278		
60.311		
60.345		
60.378		
60.412		
60.445		
60.479		
60.512		
60.546		
60.579		
60.613		
60.646		
60.680		
60.713		
60.746		
60.780		
60.813		
60.847		
60.880		
60.914		
60.947		
60.981		
61.014		
61.048		
61.081		
61.115		
61.148		
61.182		
61.215		
61.249	141.6	-29.10
61.282		
61.315		
61.349		
61.382		
61.416		
61.449		
61.483		
61.516		
61.550		
61.583		
61.617		
61.650		
61.684		
61.717		
61.751		
61.784		
61.817		
61.851		
61.884		
61.918		
61.951		
61.985		
62.018		
62.052		
62.085		
62.119		
62.152		
62.186		
62.219		
62.253	141.0	-29.12
62.286		
62.320		
62.353		
62.386		
62.420		
62.453		
62.487		
62.520		
62.554		
62.587		
62.621		
62.654		
62.688		
62.721		
62.755		
62.788		
62.822		
62.855		
62.889		
62.922		
62.955		
62.989		
63.022		
63.056		
63.089		
63.123		
63.156		
63.190		
63.223		
63.257	139.8	-29.60
63.290		
63.324		
63.357		
63.391		
63.424		
63.457		
63.491		
63.524		
63.558		
63.591		
63.625		
63.658		
63.692		
63.725		
63.759		
63.792		
63.826		
63.859		
63.893		
63.926		
63.960		
63.993		
64.026		
64.060		
64.093		
64.127		
64.160		
64.194		
64.227		
64.261	140.1	-28.74
64.294		
64.328		
64.361		
64.395		
64.428		
64.462		
64.495		
64.528		
64.562		
64.595		
64.629		
64.662		
64.696		
64.729		
64.763		
64.796		
64.830		
64.863		
64.897		
64.930		
64.964		
64.997		
65.031		
65.064		
65.097		
65.131		
65.164		
65.198		
65.231		
65.265	140.8	-27.81
65.298		
65.332		
65.365		
65.399		
65.432		
65.466		
65.499		
65.533		
65.566		
65.600		
65.633		
65.666		
65.700		
65.733		
65.767		
65.800		
65.834		
65.867		
65.901		
65.934		
65.968		
66.001		
66.035		
66.068		
66.102		
66.135		
66.168		
66.202		
66.235		
66.269	141.0	-27.87
66.302		
66.336		
66.369		
66.403		
66.436		
66.470		
66.503		
66.537		
66.570		
66.604		
66.637		
66.671		
66.704		
66.737		
66.771		
66.804		
66.838		
66.871		
66.905		
66.938		
66.972		
67.005		
67.039		
67.072		
67.106		
67.139		
67.173		
67.206		
67.239		
67.273	141.2	-28.44
67.306		
67.340		
67.373		
67.407		
67.440		
67.474		
67.507		
67.541		
67.574		
67.608		
67.641		
67.675		
67.708		
67.742		
67.775		
67.808		
67.842		
67.875		
67.909		
67.942		
67.976		
68.009		
68.043		
68.076		
68.110		
68.143		
68.177		
68.210		
68.244		
68.277	140.7	-27.35
68.311		
68.344		
68.377		
68.411		
68.444		
68.478		
68.511		
68.545		
68.578		
68.612		
68.645		
68.679		
68.712		
68.746		
68.779		
68.813		
68.846		
68.879		
68.913		
68.946		
68.980		
69.013		
69.047		
69.080		
69.114		
69.147		
69.181		
69.214		
69.248		
69.281	140.8	-26.60
69.315		
69.348		
69.382		
69.415		
69.448		
69.482		
69.515		
69.549		
69.582		
69.616		
69.649		
69.683		
69.716		
69.750		
69.783		
69.817		
69.850		
69.884		
69.917		
69.950		
69.984		
70.017		
70.051		
70.084		
70.118		
70.151		
70.185		
70.218		
70.252		
70.285	140.9	-26.23
70.319		
70.352		
70.386		
70.419		
70.453		
70.486		
70.519		
70.553		
70.586		
70.620		
70.653		
70.687		
70.720		
70.754		
70.787		
70.821		
70.854		
70.888		
70.921		
70.955		
70.988		
71.022		
71.055		
71.088		
71.122		
71.155		
71.189		
71.222		
71.256		
71.289	140.8	-26.30
71.323		
71.356		
71.390		
71.423		
71.457		
71.490		
71.524		
71.557		
71.590		
71.624		
71.657		
71.691		
71.724		
71.758		
71.791		
71.825		
71.858		
71.892		
71.925		
71.959		
71.992		
72.026		
72.059		
72.093		
72.126		
72.159		
72.193		
72.226		
72.260		
72.293	140.8	-25.94
72.327		
72.360		
72.394		
72.427		
72.461		
72.494		
72.528		
72.561		
72.595		
72.628		
72.661		
72.695		
72.728		
72.762		
72.795		
72.829		
72.862		
72.896		
72.929		
72.963		
72.996		
73.030		
73.063		
73.097		
73.130		
73.164		
73.197		
73.230		
73.264		
73.297	141.0	-27.01
73.331		
73.364		
73.398		
73.431		
73.465		
73.498		
73.532		
73.565		
73.599		
73.632		
73.666		
73.699		
73.733		
73.766		
73.799		
73.833		
73.866		
73.900		
73.933		
73.967		
74.000		
74.034		
74.067		
74.101		
74.134		
74.168		
74.201		
74.235		
74.268		
74.301	141.2	-26.86
74.335		
74.368		
74.402		
74.435		
74.469		
74.502		
74.536		
74.569		
74.603		
74.636		
74.670		
74.703		
74.737		
74.770		
74.804		
74.837		
74.870		
74.904		
74.937		
74.971		
75.004		
75.038		
75.071		
75.105		
75.138		
75.172		
75.205		
75.239		
75.272		
75.306	141.8	-27.36
75.339		
75.372		
75.406		
75.439		
75.473		
75.506		
75.540		
75.573		
75.607		
75.640		
75.674		
75.707		
75.741		
75.774		
75.808		
75.841		
75.875		
75.908		
75.941		
75.975		
76.008		
76.042		
76.075		
76.109		
76.142		
76.176		
76.209		
76.243		
76.276		
76.310	141.6	-27.27
76.343		
76.377		
76.410		
76.444		
76.477		
76.510		
76.544		
76.577		
76.611		
76.644		
76.678		
76.711		
76.745		
76.778		
76.812		
76.845		
76.879		
76.912		
76.946		
76.979		
77.012		
77.046		
77.079		
77.113		
77.146		
77.180		
77.213		
77.247		
77.280		
77.314	141.4	-28.13
77.347		
77.381		
77.414		
77.448		
77.481		
77.515		
77.548		
77.581		
77.615		
77.648		
77.682		
77.715		
77.749		
77.782		
77.816		
77.849		
77.883		
77.916		
77.950		
77.983		
78.017		
78.050		
78.083		
78.117		
78.150		
78.184		
78.217		
78.251		
78.284		
78.318	141.5	-27.93
78.351		
78.385		
78.418		
78.452		
78.485		
78.519		
78.552		
78.586		
78.619		
78.652		
78.686		
78.719		
78.753		
78.786		
78.820		
78.853		
78.887		
78.920		
78.954		
78.987		
79.021		
79.054		
79.088		
79.121		
79.155		
79.188		
79.221		
79.255		
79.288		
79.322	142.1	-27.60
79.355		
79.389		
79.422		
79.456		
79.489		
79.523		
79.556		
79.590		
79.623		
79.657		
79.690		
79.723		
79.757		
79.790		
79.824		
79.857		
79.891		
79.924		
79.958		
79.991		
80.025		
80.058		
80.092		
80.125		
80.159		
80.192		
80.226		
80.259		
80.292		
80.326	142.7	-28.12
80.359		
80.393		
80.426		
80.460		
80.493		
80.527		
80.560		
80.594		
80.627		
80.661		
80.694		
80.728		
80.761		
80.794		
80.828		
80.861		
80.895		
80.928		
80.962		
80.995		
81.029		
81.062		
81.096		
81.129		
81.163		
81.196		
81.230		
81.263		
81.297		
81.330	142.9	-28.41
81.363		
81.397		
81.430		
81.464		
81.497		
81.531		
81.564		
81.598		
81.631		
81.665		
81.698		
81.732		
81.765		
81.799		
81.832		
81.866		
81.899		
81.932		
81.966		
81.999		
82.033		
82.066		
82.100		
82.133		
82.167		
82.200		
82.234		
82.267		
82.301		
82.334	142.6	-28.04
82.368		
82.401		
82.434		
82.468		
82.501		
82.535		
82.568		
82.602		
82.635		
82.669		
82.702		
82.736		
82.769		
82.803		
82.836		
82.870		
82.903		
82.937		
82.970		
83.003		
83.037		
83.070		
83.104		
83.137		
83.171		
83.204		
83.238		
83.271		
83.305		
83.338	144.0	-28.01
83.372		
83.405		
83.439		
83.472		
83.505		
83.539		
83.572		
83.606		
83.639		
83.673		
83.706		
83.740		
83.773		
83.807		
83.840		
83.874		
83.907		
83.941		
83.974		
84.008		
84.041		
84.074		
84.108		
84.141		
84.175		
84.208		
84.242		
84.275		
84.309		
84.342	143.9	-27.95
84.376		
84.409		
84.443		
84.476		
84.510		
84.543		
84.577		
84.610		
84.643		
84.677		
84.710		
84.744		
84.777		
84.811		
84.844		
84.878		
84.911		
84.945		
84.978		
85.012		
85.045		
85.079		
85.112		
85.145		
85.179		
85.212		
85.246		
85.279		
85.313		
85.346	145.1	-26.86
85.380		
85.413		
85.447		
85.480		
85.514		
85.547		
85.581		
85.614		
85.648		
85.681		
85.714		
85.748		
85.781		
85.815		
85.848		
85.882		
85.915		
85.949		
85.982		
86.016		
86.049		
86.083		
86.116		
86.150		
86.183		
86.216		
86.250		
86.283		
86.317		
86.350	144.6	-26.83
86.384		
86.417		
86.451		
86.484		
86.518		
86.551		
86.585		
86.618		
86.652		
86.685		
86.719		
86.752		
86.785		
86.819		
86.852		
86.886		
86.919		
86.953		
86.986		
87.020		
87.053		
87.087		
87.120		
87.154		
87.187		
87.221		
87.254		
87.288		
87.321		
87.354	145.3	-27.04
87.388		
87.421		
87.455		
87.488		
87.522		
87.555		
87.589		
87.622		
87.656		
87.689		
87.723		
87.756		
87.790		
87.823		
87.856		
87.890		
87.923		
87.957		
87.990		
88.024		
88.057		
88.091		
88.124		
88.158		
88.191		
88.225		
88.258		
88.292		
88.325		
88.359	146.2	-27.83
88.392		
88.425		
88.459		
88.492		
88.526		
88.559		
88.593		
88.626		
88.660		
88.693		
88.727		
88.760		
88.794		
88.827		
88.861		
88.894		
88.927		
88.961		
88.994		
89.028		
89.061		
89.095		
89.128		
89.162		
89.195		
89.229		
89.262		
89.296		
89.329		
89.363	146.4	-27.58
89.396		
89.430		
89.463		
89.496		
89.530		
89.563		
89.597		
89.630		
89.664		
89.697		
89.731		
89.764		
89.798		
89.831		
89.865		
89.898		
89.932		
89.965		
89.999		
90.032		
90.065		
90.099		
90.132		
90.166		
90.199		
90.233		
90.266		
90.300		
90.333		
90.367	146.5	-27.59
90.400		
90.434		
90.467		
90.501		
90.534		
90.567		
90.601		
90.634		
90.668		
90.701		
90.735		
90.768		
90.802		
90.835		
90.869		
90.902		
90.936		
90.969		
91.003		
91.036		
91.070		
91.103		
91.136		
91.170		
91.203		
91.237		
91.270		
91.304		
91.337		
91.371	147.8	-27.88
91.404		
91.438		
91.471		
91.505		
91.538		
91.572		
91.605		
91.638		
91.672		
91.705		
91.739		
91.772		
91.806		
91.839		
91.873		
91.906		
91.940		
91.973		
92.007		
92.040		
92.074		
92.107		
92.141		
92.174		
92.207		
92.241		
92.274		
92.308		
92.341		
92.375	147.4	-27.61
92.408		
92.442		
92.475		
92.509		
92.542		
92.576		
92.609		
92.643		
92.676		
92.710		
92.743		
92.776		
92.810		
92.843		
92.877		
92.910		
92.944		
92.977		
93.011		
93.044		
93.078		
93.111		
93.145		
93.178		
93.212		
93.245		
93.278		
93.312		
93.345		
93.379	147.6	-28.02
93.412		
93.446		
93.479		
93.513		
93.546		
93.580		
93.613		
93.647		
93.680		
93.714		
93.747		
93.781		
93.814		
93.847		
93.881		
93.914		
93.948		
93.981		
94.015		
94.048		
94.082		
94.115		
94.149		
94.182		
94.216		
94.249		
94.283		
94.316		
94.349		
94.383	146.4	-27.61
94.416		
94.450		
94.483		
94.517		
94.550		
94.584		
94.617		
94.651		
94.684		
94.718		
94.751		
94.785		
94.818		
94.852		
94.885		
94.918		
94.952		
94.985		
95.019		
95.052		
95.086		
95.119		
95.153		
95.186		
95.220		
95.253		
95.287		
95.320		
95.354		
95.387	146.5	-28.15
95.421		
95.454		
95.487		
95.521		
95.554		
95.588		
95.621		
95.655		
95.688		
95.722		
95.755		
95.789		
95.822		
95.856		
95.889		
95.923		
95.956		
95.989		
96.023		
96.056		
96.090		
96.123		
96.157		
96.190		
96.224		
96.257		
96.291		
96.324		
96.358		
96.391	146.5	-28.18
96.425		
96.458		
96.492		
96.525		
96.558		
96.592		
96.625		
96.659		
96.692		
96.726		
96.759		
96.793		
96.826		
96.860		
96.893		
96.927		
96.960		
96.994		
97.027		
97.060		
97.094		
97.127		
97.161		
97.194		
97.228		
97.261		
97.295		
97.328		
97.362		
97.395	146.2	-28.81
97.429		
97.462		
97.496		
97.529		
97.563		
97.596		
97.629		
97.663		
97.696		
97.730		
97.763		
97.797		
97.830		
97.864		
97.897		
97.931		
97.964		
97.998		
98.031		
98.065		
98.098		
98.132		
98.165		
98.198		
98.232		
98.265		
98.299		
98.332		
98.366		
98.399	145.6	-28.15
98.433		
98.466		
98.500		
98.533		
98.567		
98.600		
98.634		
98.667		
98.700		
98.734		
98.767		
98.801		
98.834		
98.868		
98.901		
98.935		
98.968		
99.002		
99.035		
99.069		
99.102		
99.136		
99.169		
99.203		
99.236		
99.269		
99.303		
99.336		
99.370		
99.403	146.7	-27.44
99.437		
99.470		
99.504		
99.537		
99.571		
99.604		
99.638		
99.671		
99.705		
99.738		
99.771		
99.805		
99.838		
99.872		
99.905		
99.939		
99.972		
100.006		
100.039		
100.073		
100.106		
100.140		
100.173		
100.207		
100.240		
100.274		
100.307		
100.340		
100.374		
100.407	146.9	-26.70
100.441		
100.474		
100.508		
100.541		
100.575		
100.608		
100.642		
100.675		
100.709		
100.742		
100.776		
100.809		
100.843		
100.876		
100.909		
100.943		
100.976		
101.010		
101.043		
101.077		
101.110		
101.144		
101.177		
101.211		
101.244		
101.278		
101.311		
101.345		
101.378		
101.411	146.8	-26.31
101.445		
101.478		
101.512		
101.545		
101.579		
101.612		
101.646		
101.679		
101.713		
101.746		
101.780		
101.813		
101.847		
101.880		
101.914		
101.947		
101.980		
102.014		
102.047		
102.081		
102.114		
102.148		
102.181		
102.215		
102.248		
102.282		
102.315		
102.349		
102.382		
102.416	146.5	-26.36
102.449		
102.482		
102.516		
102.549		
102.583		
102.616		
102.650		
102.683		
102.717		
102.750		
102.784		
102.817		
102.851		
102.884		
102.918		
102.951		
102.985		
103.018		
103.051		
103.085		
103.118		
103.152		
103.185		
103.219		
103.252		
103.286		
103.319		
103.353		
103.386		
103.420	145.7	-26.36
103.453		
103.487		
103.520		
103.554		
103.587		
103.620		
103.654		
103.687		
103.721		
103.754		
103.788		
103.821		
103.855		
103.888		
103.922		
103.955		
103.989		
104.022		
104.056		
104.089		
104.122		
104.156		
104.189		
104.223		
104.256		
104.290		
104.323		
104.357		
104.390		
104.424	146.2	-25.75
104.457		
104.491		
104.524		
104.558		
104.591		
104.625		
104.658		
104.691		
104.725		
104.758		
104.792		
104.825		
104.859		
104.892		
104.926		
104.959		
104.993		
105.026		
105.060		
105.093		
105.127		
105.160		
105.193		
105.227		
105.260		
105.294		
105.327		
105.361		
105.394		
105.428	146.4	-25.34
105.461		
105.495		
105.528		
105.562		
105.595		
105.629		
105.662		
105.696		
105.729		
105.762		
105.796		
105.829		
105.863		
105.896		
105.930		
105.963		
105.997		
106.030		
106.064		
106.097		
106.131		
106.164		
106.198		
106.231		
106.265		
106.298		
106.331		
106.365		
106.398		
106.432	146.2	-25.55
106.465		
106.499		
106.532		
106.566		
106.599		
106.633		
106.666		
106.700		
106.733		
106.767		
106.800		
106.833		
106.867		
106.900		
106.934		
106.967		
107.001		
107.034		
107.068		
107.101		
107.135		
107.168		
107.202		
107.235		
107.269		
107.302		
107.336		
107.369		
107.402		
107.436	146.1	-25.29
107.469		
107.503		
107.536		
107.570		
107.603		
107.637		
107.670		
107.704		
107.737		
107.771		
107.804		
107.838		
107.871		
107.904		
107.938		
107.971		
108.005		
108.038		
108.072		
108.105		
108.139		
108.172		
108.206		
108.239		
108.273		
108.306		
108.340		
108.373		
108.407		
108.440	145.9	-25.80
108.473		
108.507		
108.540		
108.574		
108.607		
108.641		
108.674		
108.708		
108.741		
108.775		
108.808		
108.842		
108.875		
108.909		
108.942		
108.976		
109.009		
109.042		
109.076		
109.109		
109.143		
109.176		
109.210		
109.243		
109.277		
109.310		
109.344		
109.377		
109.411		
109.444	145.9	-25.54
109.478		
109.511		
109.544		
109.578		
109.611		
109.645		
109.678		
109.712		
109.745		
109.779		
109.812		
109.846		
109.879		
109.913		
109.946		
109.980		
110.013		
110.047		
110.080		
110.113		
110.147		
110.180		
110.214		
110.247		
110.281		
110.314		
110.348		
110.381		
110.415		
110.448	146.3	-25.07
110.482		
110.515		
110.549		
110.582		
110.615		
110.649		
110.682		
110.716		
110.749		
110.783		
110.816		
110.850		
110.883		
110.917		
110.950		
110.984		
111.017		
111.051		
111.084		
111.118		
111.151		
111.184		
111.218		
111.251		
111.285		
111.318		
111.352		
111.385		
111.419		
111.452	146.3	-24.96
111.486		
111.519		
111.553		
111.586		
111.620		
111.653		
111.687		
111.720		
111.753		
111.787		
111.820		
111.854		
111.887		
111.921		
111.954		
111.988		
112.021		
112.055		
112.088		
112.122		
112.155		
112.189		
112.222		
112.255		
112.289		
112.322		
112.356		
112.389		
112.423		
112.456	146.7	-25.54
112.490		
112.523		
112.557		
112.590		
112.624		
112.657		
112.691		
112.724		
112.758		
112.791		
112.824		
112.858		
112.891		
112.925		
112.958		
112.992		
113.025		
113.059		
113.092		
113.126		
113.159		
113.193		
113.226		
113.260		
113.293		
113.326		
113.360		
113.393		
113.427		
113.460	147.3	-25.41
113.494		
113.527		
113.561		
113.594		
113.628		
113.661		
113.695		
113.728		
113.762		
113.795		
113.829		
113.862		
113.895		
113.929		
113.962		
113.996		
114.029		
114.063		
114.096		
114.130		
114.163		
114.197		
114.230		
114.264		
114.297		
114.331		
114.364		
114.398		
114.431		
114.464	147.2	-25.51
114.498		
114.531		
114.565		
114.598		
114.632		
114.665		
114.699		
114.732		
114.766		
114.799		
114.833		
114.866		
114.900		
114.933		
114.966		
115.000		
115.033		
115.067		
115.100		
115.134		
115.167		
115.201		
115.234		
115.268		
115.301		
115.335		
115.368		
115.402		
115.435		
115.469	147.3	-25.96
115.502		
115.535		
115.569		
115.602		
115.636		
115.669		
115.703		
115.736		
115.770		
115.803		
115.837		
115.870		
115.904		
115.937		
115.971		
116.004		
116.037		
116.071		
116.104		
116.138		
116.171		
116.205		
116.238		
116.272		
116.305		
116.339		
116.372		
116.406		
116.439		
116.473	148.1	-25.57
116.506		
116.540		
116.573		
116.606		
116.640		
116.673		
116.707		
116.740		
116.774		
116.807		
116.841		
116.874		
116.908		
116.941		
116.975		
117.008		
117.042		
117.075		
117.109		
117.142		
117.175		
117.209		
117.242		
117.276		
117.309		
117.343		
117.376		
117.410		
117.443		
117.477	148.4	-25.06
117.510		
117.544		
117.577		
117.611		
117.644		
117.677		
117.711		
117.744		
117.778		
117.811		
117.845		
117.878		
117.912		
117.945		
117.979		
118.012		
118.046		
118.079		
118.113		
118.146		
118.180		
118.213		
118.246		
118.280		
118.313		
118.347		
118.380		
118.414		
118.447		
118.481	148.4	-24.96
118.514		
118.548		
118.581		
118.615		
118.648		
118.682		
118.715		
118.748		
118.782		
118.815		
118.849		
118.882		
118.916		
118.949		
118.983		
119.016		
119.050		
119.083		
119.117		
119.150		
119.184		
119.217		
119.251		
119.284		
119.317		
119.351		
119.384		
119.418		
119.451		
119.485	147.4	-25.19
119.518		
119.552		
119.585		
119.619		
119.652		
119.686		
119.719		
119.753		
119.786		
119.820		
119.853		
119.886		
119.920		
119.953		
119.987		
120.020		
120.054		
120.087		
120.121		
120.154		
120.188		
120.221		
120.255		
120.288		
120.322		
120.355		
120.388		
120.422		
120.455		
120.489	147.2	-25.38
120.522		
120.556		
120.589		
120.623		
120.656		
120.690		
120.723		
120.757		
120.790		
120.824		
120.857		
120.891		
120.924		
120.957		
120.991		
121.024		
121.058		
121.091		
121.125		
121.158		
121.192		
121.225		
121.259		
121.292		
121.326		
121.359		
121.393		
121.426		
121.459		
121.493	148.6	-25.26
121.526		
121.560		
121.593		
121.627		
121.660		
121.694		
121.727		
121.761		
121.794		
121.828		
121.861		
121.895		
121.928		
121.962		
121.995		
122.028		
122.062		
122.095		
122.129		
122.162		
122.196		
122.229		
122.263		
122.296		
122.330		
122.363		
122.397		
122.430		
122.464		
122.497	150.8	-24.03
122.531		
122.564		
122.597		
122.631		
122.664		
122.698		
122.731		
122.765		
122.798		
122.832		
122.865		
122.899		
122.932		
122.966		
122.999		
123.033		
123.066		
123.099		
123.133		
123.166		
123.200		
123.233		
123.267		
123.300		
123.334		
123.367		
123.401		
123.434		
123.468		
123.501	155.5	-24.40
123.535		
123.568		
123.602		
123.635		
123.668		
123.702		
123.735		
123.769		
123.802		
123.836		
123.869		
123.903		
123.936		
123.970		
124.003		
124.037		
124.070		
124.104		
124.137		
124.170		
124.204		
124.237		
124.271		
124.304		
124.338		
124.371		
124.405		
124.438		
124.472		
124.505	157.3	-24.58
124.539		
124.572		
124.606		
124.639		
124.673		
124.706		
124.739		
124.773		
124.806		
124.840		
124.873		
124.907		
124.940		
124.974		
125.007		
125.041		
125.074		
125.108		
125.141		
125.175		
125.208		
125.242		
125.275		
125.308		
125.342		
125.375		
125.409		
125.442		
125.476		
125.509	157.9	-25.13
125.543		
125.576		
125.610		
125.643		
125.677		
125.710		
125.744		
125.777		
125.810		
125.844		
125.877		
125.911		
125.944		
125.978		
126.011		
126.045		
126.078		
126.112		
126.145		
126.179		
126.212		
126.246		
126.279		
126.313		
126.346		
126.379		
126.413		
126.446		
126.480		
126.513	157.9	-25.14
