	质量 A		
t	x	y	
0.000	111.5	29.99
0.008	111.4	29.96
0.017	111.4	29.94
0.025	111.4	29.93
0.033	111.4	29.96
0.042	111.3	29.95
0.050	111.3	30.02
0.058	111.3	30.10
0.067	111.3	30.16
0.075	111.3	30.33
0.083	111.2	30.32
0.092	111.1	30.32
0.100	111.1	30.28
0.108	111.0	30.29
0.117	111.0	30.30
0.125	111.2	30.26
0.133	111.2	30.28
0.142	111.2	30.29
0.150	111.2	30.10
0.158	111.2	30.26
0.167	111.1	30.39
0.175	111.0	30.26
0.183	111.2	30.24
0.192	111.4	30.29
0.200	111.4	30.42
0.208	111.4	30.53
0.217	111.4	30.63
0.225	111.4	30.66
0.233	111.3	30.70
0.242	111.3	30.74
0.250	111.2	30.73
0.258	111.1	30.80
0.267	111.0	30.79
0.275	111.0	30.71
0.283	110.9	30.68
0.292	110.9	30.66
0.300	110.9	30.76
0.308	110.9	30.66
0.317	110.9	30.58
0.325	110.9	30.53
0.333	111.0	30.59
0.342	111.1	30.57
0.350	111.2	30.60
0.358	111.3	30.62
0.367	111.3	30.69
0.375	111.3	30.74
0.383	111.2	30.72
0.392	111.2	30.71
0.400	111.3	30.77
0.408	111.5	30.73
0.417	111.4	30.70
0.425	111.3	30.62
0.433	111.3	30.66
0.442	111.2	30.69
0.450	111.3	30.69
0.458	111.3	30.75
0.467	111.4	30.75
0.475	111.5	30.77
0.483	111.5	30.66
0.492	111.6	30.57
0.500	111.6	30.58
0.508	111.6	30.58
0.517	111.5	30.64
0.525	111.4	30.68
0.533	111.4	30.67
0.542	111.4	30.67
0.550	111.4	30.70
0.558	111.3	30.77
0.567	111.3	30.79
0.575	111.2	30.84
0.583	111.3	30.82
0.592	111.4	30.78
0.600	111.4	30.70
0.608	111.4	30.65
0.617	111.3	30.73
0.625	111.3	30.79
0.633	111.3	30.79
0.642	111.3	30.80
0.650	111.2	30.75
0.658	111.3	30.66
0.667	111.4	30.86
0.675	111.4	31.06
0.683	111.4	31.10
0.692	111.4	31.13
0.700	111.4	31.29
0.708	111.5	31.46
0.717	111.5	31.44
0.725	111.5	31.42
0.733	111.5	31.41
0.742	111.4	31.41
0.750	111.4	31.35
0.758	111.4	31.31
0.767	111.5	31.29
0.775	111.6	31.29
0.783	111.7	31.33
0.792	111.7	31.27
0.800	111.7	31.26
0.808	111.8	31.25
0.817	111.8	31.39
0.825	111.7	31.53
0.833	111.7	31.61
0.842	111.7	31.68
0.850	111.8	31.59
0.858	111.8	31.53
0.867	111.9	31.45
0.875	111.9	31.33
0.883	111.9	31.33
0.892	111.9	31.32
0.900	111.9	31.24
0.908	112.0	31.33
0.917	112.1	31.37
0.925	112.2	31.43
0.933	112.2	31.36
0.942	112.2	31.32
0.950	112.2	31.29
0.958	112.1	31.27
0.967	112.1	31.25
0.975	112.1	31.26
0.983	112.1	31.26
0.992	112.1	31.29
1.000	112.0	31.33
1.008	112.1	31.30
1.017	112.2	31.27
1.025	112.1	31.43
1.033	112.1	31.48
1.042	112.1	31.52
1.050	112.1	31.49
1.058	112.2	31.49
1.067	112.3	31.55
1.075	112.5	31.55
1.083	112.6	31.48
1.092	112.7	31.37
1.100	112.7	31.34
1.108	112.8	31.28
1.117	112.8	31.33
1.125	112.8	31.39
1.133	112.8	31.43
1.142	112.8	31.49
1.150	112.9	31.54
1.158	112.9	31.61
1.167	112.9	31.58
1.175	112.9	31.53
1.183	112.9	31.66
1.192	112.9	31.75
1.200	112.9	31.84
1.208	112.9	31.99
1.217	112.9	32.01
1.225	112.8	32.06
1.233	112.8	32.10
1.242	112.8	32.12
1.250	112.8	32.05
1.258	112.8	32.18
1.267	112.9	32.29
1.275	113.0	32.40
1.283	112.9	32.36
1.292	112.8	32.31
1.300	112.7	32.36
1.308	112.7	32.33
1.317	112.5	32.55
1.325	112.4	32.73
1.333	112.4	32.68
1.342	112.5	32.61
1.350	112.5	32.59
1.358	112.6	32.48
1.367	112.6	32.50
1.375	112.5	32.43
1.383	112.5	32.40
1.392	112.4	32.38
1.400	112.5	32.30
1.408	112.5	32.23
1.417	112.6	32.17
1.425	112.6	32.09
1.433	112.6	32.03
1.442	112.6	32.03
1.450	112.5	31.97
1.458	112.4	31.97
1.467	112.5	31.87
1.475	112.6	31.73
1.483	112.5	31.88
1.492	112.3	32.02
1.500	112.2	32.07
1.508	112.2	32.06
1.517	112.2	32.02
1.525	112.2	32.05
1.533	112.1	32.07
1.542	112.1	32.01
1.550	112.1	31.94
1.558	112.1	31.88
1.567	112.1	31.91
1.575	112.1	31.93
1.583	112.1	31.94
1.592	111.9	32.02
1.600	111.8	32.11
1.608	111.7	32.20
1.617	111.6	32.29
1.625	111.6	32.35
1.633	111.6	32.42
1.642	111.5	32.49
1.650	111.5	32.39
1.658	111.5	32.31
1.667	111.5	32.29
1.675	111.5	32.26
1.683	111.4	32.19
1.692	111.3	32.05
1.700	111.1	31.96
1.708	111.1	31.97
1.717	111.1	32.03
1.725	111.0	32.14
1.733	111.1	32.10
1.742	111.1	32.02
1.750	111.1	31.98
1.758	111.1	31.95
1.767	111.1	31.97
1.775	111.1	31.99
1.783	111.1	31.99
1.792	111.1	31.99
1.800	111.0	32.12
1.808	110.9	32.18
1.817	110.8	32.16
1.825	110.7	32.15
1.833	110.7	32.05
1.842	110.7	32.05
1.850	110.7	32.05
1.858	110.7	32.04
1.867	110.8	32.04
1.875	110.8	32.14
1.883	110.8	32.30
1.892	110.8	32.49
1.900	110.8	32.70
1.908	110.8	32.80
1.917	110.7	32.78
1.925	110.7	32.77
1.933	110.6	32.66
1.942	110.6	32.68
1.950	110.5	32.66
1.958	110.5	32.64
1.967	110.4	32.59
1.975	110.4	32.54
1.983	110.4	32.59
1.992	110.3	32.45
2.000	110.3	32.44
2.008	110.4	32.42
2.017	110.5	32.44
2.025	110.5	32.41
2.033	110.6	32.43
2.042	110.7	32.55
2.050	110.8	32.62
2.058	110.8	32.64
2.067	110.8	32.67
2.075	110.8	32.74
2.083	110.8	32.80
2.092	110.8	32.79
2.100	110.7	32.90
2.108	110.7	32.93
2.117	110.8	32.95
2.125	110.8	32.97
2.133	110.8	32.93
2.142	110.8	32.95
2.150	110.8	33.00
2.158	110.8	33.04
2.167	110.8	33.08
2.175	110.8	33.11
2.183	110.7	33.08
2.192	110.7	33.06
2.200	110.7	33.05
2.208	110.7	33.04
2.217	110.8	33.04
2.225	110.7	33.04
2.233	110.8	33.00
2.242	110.8	32.96
2.250	110.7	32.83
2.258	110.8	32.67
2.267	110.7	32.63
2.275	110.7	32.60
2.283	110.7	32.58
2.292	110.7	32.56
2.300	110.7	32.69
2.308	110.7	32.69
2.317	110.7	32.69
2.325	110.6	32.56
2.333	110.4	32.57
2.342	110.4	32.59
2.350	110.4	32.52
2.358	110.4	32.63
2.367	110.4	32.64
2.375	110.4	32.64
2.383	110.4	32.61
2.392	110.4	32.62
2.400	110.4	32.63
2.408	110.5	32.59
2.417	110.5	32.56
2.425	110.5	32.55
2.433	110.4	32.53
2.442	110.4	32.50
2.450	110.4	32.49
2.458	110.4	32.45
2.467	110.3	32.43
2.475	110.3	32.34
2.483	110.3	32.27
2.492	110.3	32.30
2.500	110.3	32.32
2.508	110.3	32.38
2.517	110.3	32.42
2.525	110.3	32.39
2.533	110.3	32.37
2.542	110.2	32.24
2.550	110.0	32.26
2.558	110.0	32.29
2.567	110.0	32.31
2.575	110.1	32.41
2.583	110.0	32.44
2.592	110.0	32.42
2.600	110.0	32.40
2.608	109.8	32.36
2.617	109.8	32.35
2.625	109.8	32.40
2.633	109.7	32.45
2.642	109.7	32.50
2.650	109.7	32.55
2.658	109.6	32.60
2.667	109.5	32.71
2.675	109.4	32.68
2.683	109.2	32.60
2.692	109.1	32.56
2.700	109.0	32.53
2.708	109.1	32.44
2.717	109.1	32.38
2.725	109.1	32.33
2.733	109.1	32.29
2.742	109.1	32.26
2.750	109.1	32.24
2.758	109.1	32.25
2.767	109.1	32.26
2.775	109.1	32.23
2.783	109.1	32.20
2.792	109.1	32.13
2.800	109.1	32.02
2.808	109.2	32.04
2.817	109.2	32.06
2.825	109.3	32.07
2.833	109.3	32.15
2.842	109.3	32.13
2.850	109.4	32.11
2.858	109.3	32.18
2.867	109.3	32.25
2.875	109.4	32.24
2.883	109.4	32.25
2.892	109.4	32.26
2.900	109.4	32.28
2.908	109.4	32.36
2.917	109.4	32.42
2.925	109.4	32.52
2.933	109.4	32.60
2.942	109.4	32.66
2.950	109.3	32.70
2.958	109.4	32.64
2.967	109.5	32.59
2.975	109.4	32.62
2.983	109.4	32.65
2.992	109.3	32.63
3.000	109.3	32.53
3.008	109.2	32.66
3.017	109.1	32.75
3.025	109.0	32.74
3.033	109.0	32.67
3.042	108.9	32.51
3.050	108.9	32.73
3.058	108.8	32.78
3.067	108.8	32.85
3.075	108.8	32.87
3.083	108.8	32.99
3.092	108.8	33.04
3.100	108.8	33.08
3.108	108.9	33.10
3.117	108.9	33.11
3.125	108.9	33.08
3.133	108.9	33.07
3.142	108.9	32.98
3.150	108.8	33.05
3.158	108.8	33.05
3.167	108.8	33.05
3.175	108.8	33.06
3.183	108.8	33.00
3.192	108.8	32.96
3.200	108.8	33.04
3.208	108.8	33.02
3.217	108.8	32.98
3.225	108.8	32.95
3.233	108.8	32.79
3.242	108.8	32.86
3.250	108.8	32.97
3.258	108.8	33.12
3.267	108.8	33.25
3.275	108.8	33.31
3.283	108.8	33.35
3.292	108.9	33.38
3.300	108.9	33.39
3.308	108.8	33.39
3.317	108.9	33.39
3.325	108.9	33.45
3.333	108.9	33.47
3.342	109.0	33.43
3.350	109.1	33.41
3.358	109.2	33.39
3.367	109.3	33.45
3.375	109.3	33.43
3.383	109.3	33.40
3.392	109.3	33.38
3.400	109.3	33.47
3.408	109.3	33.46
3.417	109.3	33.37
3.425	109.4	33.36
3.433	109.4	33.27
3.442	109.4	33.23
3.450	109.4	33.26
3.458	109.3	33.30
3.467	109.2	33.19
3.475	109.1	33.10
3.483	109.0	33.02
3.492	109.0	32.94
3.500	109.0	32.95
3.508	109.0	32.95
3.517	109.0	32.93
3.525	109.1	32.90
3.533	109.1	32.85
3.542	109.1	32.81
3.550	109.1	32.87
3.558	109.1	32.99
3.567	109.0	33.06
3.575	109.0	33.24
3.583	109.0	33.39
3.592	109.0	33.34
3.600	109.1	33.37
3.608	109.1	33.39
3.617	109.1	33.47
3.625	109.1	33.53
3.633	109.1	33.49
3.642	109.1	33.39
3.650	109.1	33.34
3.658	109.2	33.30
3.667	109.2	33.24
3.675	109.2	33.19
3.683	109.2	33.07
3.692	109.2	32.97
3.700	109.3	32.93
3.708	109.3	32.90
3.717	109.3	32.89
3.725	109.2	32.83
3.733	109.2	32.72
3.742	109.1	32.74
3.750	109.0	32.76
3.758	108.9	32.69
3.767	108.9	32.76
3.775	108.9	32.73
3.783	109.0	32.71
3.792	109.1	32.66
3.800	109.1	32.71
3.808	109.1	32.71
3.817	109.1	32.71
3.825	109.1	32.71
3.833	109.1	32.71
3.842	109.1	32.70
3.850	109.1	32.86
3.858	109.2	33.00
3.867	109.2	32.92
3.875	109.1	32.95
3.883	109.1	32.89
3.892	109.1	32.97
3.900	109.1	33.03
3.908	109.1	33.12
3.917	109.1	33.02
3.925	109.1	32.97
3.933	109.1	32.94
3.942	109.2	32.95
3.950	109.2	32.96
3.958	109.3	32.99
3.967	109.3	33.09
3.975	109.4	33.08
3.983	109.4	33.07
3.992	109.4	33.10
4.000	109.5	33.21
4.008	109.4	33.35
4.017	109.4	33.35
4.025	109.4	33.43
4.033	109.4	33.42
4.042	109.5	33.42
4.050	109.5	33.41
4.058	109.5	33.41
4.067	109.5	33.41
4.075	109.5	33.37
4.083	109.5	33.33
4.092	109.5	33.29
4.100	109.6	33.27
4.108	109.6	33.32
4.117	109.7	33.32
4.125	109.8	33.32
4.133	109.9	33.23
4.142	110.0	33.52
4.150	110.0	33.49
4.158	110.1	33.59
4.167	110.2	33.72
4.175	110.2	33.67
4.183	110.3	33.63
4.192	110.3	33.71
4.200	110.4	33.68
4.208	110.5	33.71
4.217	110.6	33.72
4.225	110.5	33.75
4.233	110.4	33.79
4.242	110.5	33.76
4.250	110.5	33.74
4.258	110.6	33.75
4.267	110.7	33.84
4.275	110.7	33.74
4.283	110.8	33.66
4.292	110.8	33.72
4.300	110.9	33.58
4.308	111.0	33.68
4.317	111.1	33.66
4.325	111.1	33.72
4.333	111.1	33.75
4.342	111.0	33.73
4.350	111.0	33.74
4.358	110.8	33.69
4.367	110.8	33.61
4.375	110.9	33.54
4.383	110.9	33.47
4.392	110.8	33.38
4.400	110.8	33.29
4.408	110.8	33.31
4.417	110.8	33.32
4.425	110.9	33.29
4.433	110.8	33.30
4.442	110.8	33.30
4.450	110.8	33.24
4.458	110.7	33.15
4.467	110.7	33.01
4.475	110.8	32.97
4.483	110.8	32.95
4.492	110.8	32.96
4.500	110.7	33.06
4.508	110.7	33.11
4.517	110.7	33.15
4.525	110.7	33.05
4.533	110.8	32.95
4.542	110.8	32.84
4.550	110.8	32.75
4.558	110.8	32.72
4.567	110.8	32.70
4.575	110.8	32.74
4.583	110.8	32.77
4.592	110.8	32.79
4.600	110.9	32.80
4.608	110.8	32.89
4.617	110.8	33.02
4.625	110.7	32.95
4.633	110.8	32.93
4.642	110.8	32.91
4.650	110.8	32.88
4.658	110.8	32.85
4.667	110.9	32.81
4.675	110.9	32.78
4.683	110.9	32.85
4.692	111.0	32.92
4.700	111.0	33.07
4.708	111.1	32.97
4.717	111.2	32.97
4.725	111.2	32.94
4.733	111.2	33.00
4.742	111.3	33.04
4.750	111.1	32.99
4.758	110.9	32.92
4.767	110.9	32.92
4.775	110.8	32.95
4.783	110.8	32.93
4.792	110.8	32.92
4.800	110.8	33.01
4.808	110.9	33.08
4.817	110.9	32.97
4.825	110.9	32.90
4.833	110.9	32.92
4.842	110.9	32.94
4.850	110.9	32.95
4.858	110.9	32.95
4.867	110.9	32.90
4.875	110.8	32.89
4.883	110.8	32.91
4.892	110.8	32.92
4.900	110.8	33.01
4.908	110.8	33.09
4.917	110.9	33.00
4.925	110.9	33.01
4.933	110.9	33.00
4.942	110.9	33.00
4.950	110.8	33.03
4.958	110.8	33.06
4.967	110.8	33.17
4.975	110.8	33.19
4.983	110.9	33.22
4.992	111.0	33.37
5.000	111.0	33.35
5.008	111.1	33.34
5.017	111.1	33.31
5.025	111.1	33.25
5.033	111.1	33.28
5.042	111.1	33.30
5.050	111.1	33.29
5.058	111.1	33.28
5.067	111.2	33.26
5.075	111.3	33.27
5.083	111.4	33.29
5.092	111.4	33.30
5.100	111.4	33.32
5.108	111.5	33.34
5.117	111.6	33.23
5.125	111.6	33.14
5.133	111.5	33.12
5.142	111.5	33.10
5.150	111.5	33.13
5.158	111.5	33.17
5.167	111.5	33.11
5.175	111.6	33.04
5.183	111.6	32.96
5.192	111.6	32.89
5.200	111.5	32.79
5.208	111.5	32.66
5.217	111.5	32.72
5.225	111.5	32.82
5.233	111.5	32.82
5.242	111.5	32.83
5.250	111.6	32.88
5.258	111.6	32.99
5.267	111.6	33.07
5.275	111.7	33.23
5.283	111.7	33.27
5.292	111.7	33.29
5.300	111.7	33.31
5.308	111.7	33.31
5.317	111.7	33.30
5.325	111.7	33.28
5.333	111.7	33.36
5.342	111.7	33.42
5.350	111.7	33.45
5.358	111.7	33.47
5.367	111.7	33.45
5.375	111.7	33.43
5.383	111.8	33.40
5.392	111.7	33.44
5.400	111.7	33.47
5.408	111.7	33.49
5.417	111.6	33.44
5.425	111.6	33.39
5.433	111.6	33.35
5.442	111.6	33.34
5.450	111.6	33.26
5.458	111.6	33.29
5.467	111.6	33.31
5.475	111.6	33.38
5.483	111.6	33.32
5.492	111.5	33.29
5.500	111.5	33.37
5.508	111.4	33.39
5.517	111.4	33.38
5.525	111.4	33.35
5.533	111.4	33.32
5.542	111.4	33.32
5.550	111.4	33.32
5.558	111.5	33.23
5.567	111.5	33.16
5.575	111.6	33.04
5.583	111.6	32.96
5.592	111.5	32.97
5.600	111.5	32.97
5.608	111.6	33.05
5.617	111.7	33.08
5.625	111.9	33.02
5.633	111.8	33.04
5.642	111.8	33.00
5.650	111.8	32.97
5.658	111.8	32.89
5.667	111.8	32.83
5.675	111.7	32.80
5.683	111.6	32.82
5.692	111.5	32.80
5.700	111.5	32.78
5.708	111.5	32.64
5.717	111.6	32.51
5.725	111.6	32.52
5.733	111.6	32.53
5.742	111.6	32.62
5.750	111.6	32.68
5.758	111.5	32.69
5.767	111.5	32.69
5.775	111.4	32.74
5.783	111.3	32.78
5.792	111.4	32.80
5.800	111.4	32.82
5.808	111.5	32.84
5.817	111.5	32.85
5.825	111.5	32.89
5.833	111.5	32.99
5.842	111.4	32.83
5.850	111.4	32.64
5.858	111.3	32.63
5.867	111.2	32.65
5.875	111.1	32.61
5.883	111.0	32.69
5.892	111.0	32.75
5.900	110.9	32.83
5.908	110.8	32.81
5.917	110.8	32.80
5.925	110.6	32.72
5.933	110.5	32.69
5.942	110.4	32.75
5.950	110.3	32.75
5.958	110.2	32.71
5.967	110.2	32.68
5.975	110.2	32.77
5.983	110.2	32.84
5.992	110.1	32.82
6.000	110.1	32.81
6.008	110.0	32.80
6.017	110.0	32.78
6.025	110.0	32.74
6.033	110.0	32.72
6.042	110.0	32.85
6.050	110.0	32.95
6.058	110.0	32.99
6.067	110.0	33.01
6.075	109.9	32.98
6.083	109.8	33.01
6.092	109.8	32.94
6.100	109.7	32.88
6.108	109.7	32.94
6.117	109.7	32.99
6.125	109.7	33.06
6.133	109.6	33.14
6.142	109.6	33.14
6.150	109.6	33.21
6.158	109.7	33.29
6.167	109.8	33.34
6.175	109.9	33.37
6.183	109.9	33.36
6.192	109.9	33.36
6.200	109.9	33.38
6.208	109.9	33.40
6.217	109.9	33.48
6.225	109.9	33.55
6.233	110.0	33.70
6.242	110.0	33.70
6.250	110.1	33.66
6.258	110.1	33.63
6.267	110.0	33.71
6.275	109.9	33.70
6.283	109.9	33.77
6.292	109.9	33.67
6.300	109.9	33.67
6.308	109.9	33.67
6.317	109.9	33.62
6.325	109.9	33.58
6.333	109.9	33.56
6.342	109.9	33.54
6.350	109.8	33.56
6.358	109.8	33.63
6.367	109.7	33.79
6.375	109.6	33.81
6.383	109.5	33.85
6.392	109.4	33.88
6.400	109.3	33.87
6.408	109.3	33.80
6.417	109.3	33.60
6.425	109.1	33.53
6.433	109.1	33.46
6.442	109.1	33.41
6.450	109.0	33.42
6.458	109.0	33.45
6.467	108.9	33.42
6.475	108.9	33.47
6.483	108.9	33.46
6.492	108.9	33.45
6.500	108.9	33.37
6.508	108.9	33.23
6.517	108.9	33.09
6.525	108.9	33.13
6.533	108.9	33.19
6.542	108.9	33.24
6.550	108.8	33.33
6.558	108.8	33.41
6.567	108.8	33.45
6.575	108.8	33.49
6.583	108.8	33.50
6.592	108.8	33.52
6.600	108.9	33.40
6.608	108.8	33.40
6.617	108.9	33.41
6.625	108.8	33.51
6.633	108.8	33.77
6.642	108.8	33.78
6.650	108.8	33.90
6.658	108.8	33.99
6.667	108.9	33.98
6.675	108.9	34.00
6.683	108.9	34.06
6.692	108.9	34.11
6.700	108.8	34.11
6.708	108.8	34.11
6.717	108.8	34.08
6.725	108.9	34.07
6.733	108.8	34.12
6.742	108.8	34.16
6.750	108.8	34.15
6.758	108.8	34.13
6.767	108.8	34.13
6.775	108.8	34.20
6.783	108.8	34.24
6.792	108.8	34.34
6.800	108.8	34.35
6.808	108.8	34.35
6.817	108.9	34.31
6.825	108.8	34.29
6.833	108.8	34.30
6.842	108.8	34.31
6.850	108.8	34.32
6.858	108.8	34.33
6.867	108.8	34.36
6.875	108.8	34.26
6.883	108.9	34.34
6.892	108.9	34.35
6.900	108.8	34.35
6.908	108.8	34.32
6.917	108.8	34.29
6.925	108.8	34.34
6.933	108.8	34.39
6.942	108.8	34.40
6.950	108.8	34.33
6.958	108.8	34.30
6.967	108.8	34.27
6.975	108.8	34.22
6.983	108.8	34.22
6.992	108.8	34.31
7.000	108.9	34.38
7.008	108.9	34.39
7.017	108.8	34.40
7.025	108.9	34.34
7.033	108.9	34.30
7.042	108.8	34.36
7.050	108.8	34.41
7.058	108.8	34.36
7.067	108.8	34.32
7.075	108.8	34.24
7.083	108.8	34.33
7.092	108.8	34.34
7.100	108.8	34.35
7.108	108.8	34.32
7.117	108.8	34.29
7.125	108.8	34.24
7.133	108.7	34.17
7.142	108.7	34.09
7.150	108.7	34.03
7.158	108.7	34.01
7.167	108.7	33.99
7.175	108.7	33.98
7.183	108.7	34.04
7.192	108.7	33.98
7.200	108.8	33.93
7.208	108.8	33.90
7.217	108.9	33.87
7.225	108.9	33.81
7.233	108.8	33.77
7.242	108.8	33.66
7.250	108.8	33.76
7.258	108.8	33.83
7.267	108.8	33.88
7.275	108.8	34.02
7.283	108.8	34.15
7.292	108.8	34.17
7.300	108.8	34.20
7.308	108.8	34.26
7.317	108.8	34.37
7.325	108.8	34.33
7.333	108.8	34.30
7.342	108.8	34.32
7.350	108.8	34.33
7.358	108.8	34.52
7.367	108.8	34.69
7.375	108.8	34.71
7.383	108.8	34.70
7.392	108.8	34.78
7.400	108.8	34.84
7.408	108.8	34.89
7.417	108.8	34.93
7.425	108.8	34.98
7.433	108.8	34.97
7.442	108.8	35.02
7.450	108.8	35.06
7.458	108.9	35.07
7.467	108.9	35.09
7.475	108.9	35.15
7.483	108.9	35.18
7.492	108.9	35.23
7.500	108.9	35.21
7.508	108.9	35.17
7.517	108.9	35.14
7.525	109.0	35.08
7.533	109.2	35.01
7.542	109.2	34.99
7.550	109.3	34.97
7.558	109.3	35.12
7.567	109.2	35.19
7.575	109.1	35.31
7.583	109.1	35.47
7.592	109.1	35.69
7.600	109.1	35.92
7.608	109.0	35.92
7.617	109.0	35.91
7.625	109.0	35.86
7.633	109.1	35.87
7.642	109.1	35.89
7.650	109.1	35.94
7.658	109.0	35.89
7.667	109.1	35.79
7.675	109.1	35.74
7.683	109.0	35.81
7.692	109.0	35.87
7.700	109.0	36.08
7.708	109.0	36.24
7.717	109.0	36.32
7.725	109.0	36.45
7.733	109.0	36.58
7.742	109.1	36.68
7.750	109.1	36.82
7.758	109.1	36.83
7.767	109.1	36.82
7.775	109.1	36.82
7.783	109.1	36.86
7.792	109.1	36.89
7.800	109.2	36.78
7.808	109.2	36.70
7.817	109.2	36.63
7.825	109.2	36.60
7.833	109.1	36.63
7.842	109.1	36.64
7.850	109.2	36.57
7.858	109.1	36.59
7.867	109.1	36.63
7.875	109.1	36.73
7.883	109.0	36.79
7.892	109.0	36.84
7.900	108.9	36.81
7.908	108.9	36.88
7.917	109.0	36.89
7.925	109.1	36.86
7.933	109.1	36.80
7.942	109.2	36.75
7.950	109.2	36.57
7.958	109.2	36.62
7.967	109.2	36.70
7.975	109.8	36.45
