	质量 D		
t	x	y	
0.000	108.4	46.78
0.033		
0.067		
0.100		
0.134		
0.167		
0.201		
0.234		
0.268		
0.301		
0.335		
0.368		
0.401		
0.435		
0.468		
0.502		
0.535		
0.569		
0.602		
0.636		
0.669		
0.703		
0.736		
0.769		
0.803		
0.836		
0.870		
0.903		
0.937		
0.970		
1.004	108.4	46.74
1.037		
1.071		
1.104		
1.137		
1.171		
1.204		
1.238		
1.271		
1.305		
1.338		
1.372		
1.405		
1.439		
1.472		
1.505		
1.539		
1.572		
1.606		
1.639		
1.673		
1.706		
1.740		
1.773		
1.807		
1.840		
1.873		
1.907		
1.940		
1.974		
2.007	108.1	46.05
2.041		
2.074		
2.108		
2.141		
2.175		
2.208		
2.241		
2.275		
2.308		
2.342		
2.375		
2.409		
2.442		
2.476		
2.509		
2.543		
2.576		
2.609		
2.643		
2.676		
2.710		
2.743		
2.777		
2.810		
2.844		
2.877		
2.911		
2.944		
2.977		
3.011	107.9	46.81
3.044		
3.078		
3.111		
3.145		
3.178		
3.212		
3.245		
3.279		
3.312		
3.346		
3.379		
3.412		
3.446		
3.479		
3.513		
3.546		
3.580		
3.613		
3.647		
3.680		
3.714		
3.747		
3.780		
3.814		
3.847		
3.881		
3.914		
3.948		
3.981		
4.015	107.1	48.06
4.048		
4.082		
4.115		
4.148		
4.182		
4.215		
4.249		
4.282		
4.316		
4.349		
4.383		
4.416		
4.450		
4.483		
4.516		
4.550		
4.583		
4.617		
4.650		
4.684		
4.717		
4.751		
4.784		
4.818		
4.851		
4.884		
4.918		
4.951		
4.985		
5.018	107.6	48.93
5.052		
5.085		
5.119		
5.152		
5.186		
5.219		
5.252		
5.286		
5.319		
5.353		
5.386		
5.420		
5.453		
5.487		
5.520		
5.554		
5.587		
5.620		
5.654		
5.687		
5.721		
5.754		
5.788		
5.821		
5.855		
5.888		
5.922		
5.955		
5.988		
6.022	107.5	48.99
6.055		
6.089		
6.122		
6.156		
6.189		
6.223		
6.256		
6.290		
6.323		
6.356		
6.390		
6.423		
6.457		
6.490		
6.524		
6.557		
6.591		
6.624		
6.658		
6.691		
6.724		
6.758		
6.791		
6.825		
6.858		
6.892		
6.925		
6.959		
6.992		
7.026	107.5	49.03
7.059		
7.092		
7.126		
7.159		
7.193		
7.226		
7.260		
7.293		
7.327		
7.360		
7.394		
7.427		
7.460		
7.494		
7.527		
7.561		
7.594		
7.628		
7.661		
7.695		
7.728		
7.762		
7.795		
7.828		
7.862		
7.895		
7.929		
7.962		
7.996		
8.029	109.0	48.90
8.063		
8.096		
8.130		
8.163		
8.196		
8.230		
8.263		
8.297		
8.330		
8.364		
8.397		
8.431		
8.464		
8.498		
8.531		
8.564		
8.598		
8.631		
8.665		
8.698		
8.732		
8.765		
8.799		
8.832		
8.866		
8.899		
8.932		
8.966		
8.999		
9.033	109.2	48.28
9.066		
9.100		
9.133		
9.167		
9.200		
9.234		
9.267		
9.300		
9.334		
9.367		
9.401		
9.434		
9.468		
9.501		
9.535		
9.568		
9.602		
9.635		
9.668		
9.702		
9.735		
9.769		
9.802		
9.836		
9.869		
9.903		
9.936		
9.970		
10.003		
10.037	109.2	48.85
10.070		
10.103		
10.137		
10.170		
10.204		
10.237		
10.271		
10.304		
10.338		
10.371		
10.405		
10.438		
10.471		
10.505		
10.538		
10.572		
10.605		
10.639		
10.672		
10.706		
10.739		
10.773		
10.806		
10.839		
10.873		
10.906		
10.940		
10.973		
11.007		
11.040	109.0	49.40
11.074		
11.107		
11.141		
11.174		
11.207		
11.241		
11.274		
11.308		
11.341		
11.375		
11.408		
11.442		
11.475		
11.509		
11.542		
11.575		
11.609		
11.642		
11.676		
11.709		
11.743		
11.776		
11.810		
11.843		
11.877		
11.910		
11.943		
11.977		
12.010		
12.044	108.6	49.18
12.077		
12.111		
12.144		
12.178		
12.211		
12.245		
12.278		
12.311		
12.345		
12.378		
12.412		
12.445		
12.479		
12.512		
12.546		
12.579		
12.613		
12.646		
12.679		
12.713		
12.746		
12.780		
12.813		
12.847		
12.880		
12.914		
12.947		
12.981		
13.014		
13.047	108.7	49.32
13.081		
13.114		
13.148		
13.181		
13.215		
13.248		
13.282		
13.315		
13.349		
13.382		
13.415		
13.449		
13.482		
13.516		
13.549		
13.583		
13.616		
13.650		
13.683		
13.717		
13.750		
13.783		
13.817		
13.850		
13.884		
13.917		
13.951		
13.984		
14.018		
14.051	109.1	49.69
14.085		
14.118		
14.151		
14.185		
14.218		
14.252		
14.285		
14.319		
14.352		
14.386		
14.419		
14.453		
14.486		
14.519		
14.553		
14.586		
14.620		
14.653		
14.687		
14.720		
14.754		
14.787		
14.821		
14.854		
14.887		
14.921		
14.954		
14.988		
15.021		
15.055	108.7	49.70
15.088		
15.122		
15.155		
15.189		
15.222		
15.255		
15.289		
15.322		
15.356		
15.389		
15.423		
15.456		
15.490		
15.523		
15.557		
15.590		
15.623		
15.657		
15.690		
15.724		
15.757		
15.791		
15.824		
15.858		
15.891		
15.925		
15.958		
15.991		
16.025		
16.058	108.8	50.11
16.092		
16.125		
16.159		
16.192		
16.226		
16.259		
16.293		
16.326		
16.360		
16.393		
16.426		
16.460		
16.493		
16.527		
16.560		
16.594		
16.627		
16.661		
16.694		
16.728		
16.761		
16.794		
16.828		
16.861		
16.895		
16.928		
16.962		
16.995		
17.029		
17.062	108.8	49.42
17.096		
17.129		
17.162		
17.196		
17.229		
17.263		
17.296		
17.330		
17.363		
17.397		
17.430		
17.464		
17.497		
17.530		
17.564		
17.597		
17.631		
17.664		
17.698		
17.731		
17.765		
17.798		
17.832		
17.865		
17.898		
17.932		
17.965		
17.999		
18.032		
18.066	108.4	50.32
18.099		
18.133		
18.166		
18.200		
18.233		
18.266		
18.300		
18.333		
18.367		
18.400		
18.434		
18.467		
18.501		
18.534		
18.568		
18.601		
18.634		
18.668		
18.701		
18.735		
18.768		
18.802		
18.835		
18.869		
18.902		
18.936		
18.969		
19.002		
19.036		
19.069	108.7	50.44
19.103		
19.136		
19.170		
19.203		
19.237		
19.270		
19.304		
19.337		
19.370		
19.404		
19.437		
19.471		
19.504		
19.538		
19.571		
19.605		
19.638		
19.672		
19.705		
19.738		
19.772		
19.805		
19.839		
19.872		
19.906		
19.939		
19.973		
20.006		
20.040		
20.073	109.7	49.54
20.106		
20.140		
20.173		
20.207		
20.240		
20.274		
20.307		
20.341		
20.374		
20.408		
20.441		
20.474		
20.508		
20.541		
20.575		
20.608		
20.642		
20.675		
20.709		
20.742		
20.776		
20.809		
20.842		
20.876		
20.909		
20.943		
20.976		
21.010		
21.043		
21.077	110.3	49.33
21.110		
21.144		
21.177		
21.210		
21.244		
21.277		
21.311		
21.344		
21.378		
21.411		
21.445		
21.478		
21.512		
21.545		
21.578		
21.612		
21.645		
21.679		
21.712		
21.746		
21.779		
21.813		
21.846		
21.880		
21.913		
21.946		
21.980		
22.013		
22.047		
22.080	109.7	49.00
22.114		
22.147		
22.181		
22.214		
22.248		
22.281		
22.314		
22.348		
22.381		
22.415		
22.448		
22.482		
22.515		
22.549		
22.582		
22.616		
22.649		
22.683		
22.716		
22.749		
22.783		
22.816		
22.850		
22.883		
22.917		
22.950		
22.984		
23.017		
23.051		
23.084	110.0	49.56
23.117		
23.151		
23.184		
23.218		
23.251		
23.285		
23.318		
23.352		
23.385		
23.419		
23.452		
23.485		
23.519		
23.552		
23.586		
23.619		
23.653		
23.686		
23.720		
23.753		
23.787		
23.820		
23.853		
23.887		
23.920		
23.954		
23.987		
24.021		
24.054		
24.088	110.1	49.64
24.121		
24.155		
24.188		
24.221		
24.255		
24.288		
24.322		
24.355		
24.389		
24.422		
24.456		
24.489		
24.523		
24.556		
24.589		
24.623		
24.656		
24.690		
24.723		
24.757		
24.790		
24.824		
24.857		
24.891		
24.924		
24.957		
24.991		
25.024		
25.058		
25.091	110.0	49.72
25.125		
25.158		
25.192		
25.225		
25.259		
25.292		
25.325		
25.359		
25.392		
25.426		
25.459		
25.493		
25.526		
25.560		
25.593		
25.627		
25.660		
25.693		
25.727		
25.760		
25.794		
25.827		
25.861		
25.894		
25.928		
25.961		
25.995		
26.028		
26.061		
26.095	111.4	50.14
26.128		
26.162		
26.195		
26.229		
26.262		
26.296		
26.329		
26.363		
26.396		
26.429		
26.463		
26.496		
26.530		
26.563		
26.597		
26.630		
26.664		
26.697		
26.731		
26.764		
26.797		
26.831		
26.864		
26.898		
26.931		
26.965		
26.998		
27.032		
27.065		
27.099	111.3	51.28
27.132		
27.165		
27.199		
27.232		
27.266		
27.299		
27.333		
27.366		
27.400		
27.433		
27.467		
27.500		
27.533		
27.567		
27.600		
27.634		
27.667		
27.701		
27.734		
27.768		
27.801		
27.835		
27.868		
27.901		
27.935		
27.968		
28.002		
28.035		
28.069		
28.102	110.3	51.09
28.136		
28.169		
28.203		
28.236		
28.269		
28.303		
28.336		
28.370		
28.403		
28.437		
28.470		
28.504		
28.537		
28.571		
28.604		
28.637		
28.671		
28.704		
28.738		
28.771		
28.805		
28.838		
28.872		
28.905		
28.939		
28.972		
29.005		
29.039		
29.072		
29.106	109.4	50.96
29.139		
29.173		
29.206		
29.240		
29.273		
29.307		
29.340		
29.374		
29.407		
29.440		
29.474		
29.507		
29.541		
29.574		
29.608		
29.641		
29.675		
29.708		
29.742		
29.775		
29.808		
29.842		
29.875		
29.909		
29.942		
29.976		
30.009		
30.043		
30.076		
30.110	109.4	51.72
30.143		
30.176		
30.210		
30.243		
30.277		
30.310		
30.344		
30.377		
30.411		
30.444		
30.478		
30.511		
30.544		
30.578		
30.611		
30.645		
30.678		
30.712		
30.745		
30.779		
30.812		
30.846		
30.879		
30.912		
30.946		
30.979		
31.013		
31.046		
31.080		
31.113	109.4	51.67
31.147		
31.180		
31.214		
31.247		
31.280		
31.314		
31.347		
31.381		
31.414		
31.448		
31.481		
31.515		
31.548		
31.582		
31.615		
31.648		
31.682		
31.715		
31.749		
31.782		
31.816		
31.849		
31.883		
31.916		
31.950		
31.983		
32.016		
32.050		
32.083		
32.117	108.2	51.06
32.150		
32.184		
32.217		
32.251		
32.284		
32.318		
32.351		
32.384		
32.418		
32.451		
32.485		
32.518		
32.552		
32.585		
32.619		
32.652		
32.686		
32.719		
32.752		
32.786		
32.819		
32.853		
32.886		
32.920		
32.953		
32.987		
33.020		
33.054		
33.087		
33.120	107.9	51.03
33.154		
33.187		
33.221		
33.254		
33.288		
33.321		
33.355		
33.388		
33.422		
33.455		
33.488		
33.522		
33.555		
33.589		
33.622		
33.656		
33.689		
33.723		
33.756		
33.790		
33.823		
33.856		
33.890		
33.923		
33.957		
33.990		
34.024		
34.057		
34.091		
34.124	107.6	51.85
34.158		
34.191		
34.224		
34.258		
34.291		
34.325		
34.358		
34.392		
34.425		
34.459		
34.492		
34.526		
34.559		
34.592		
34.626		
34.659		
34.693		
34.726		
34.760		
34.793		
34.827		
34.860		
34.894		
34.927		
34.960		
34.994		
35.027		
35.061		
35.094		
35.128	108.0	52.23
35.161		
35.195		
35.228		
35.262		
35.295		
35.328		
35.362		
35.395		
35.429		
35.462		
35.496		
35.529		
35.563		
35.596		
35.630		
35.663		
35.697		
35.730		
35.763		
35.797		
35.830		
35.864		
35.897		
35.931		
35.964		
35.998		
36.031		
36.065		
36.098		
36.131	107.6	52.13
36.165		
36.198		
36.232		
36.265		
36.299		
36.332		
36.366		
36.399		
36.433		
36.466		
36.499		
36.533		
36.566		
36.600		
36.633		
36.667		
36.700		
36.734		
36.767		
36.801		
36.834		
36.867		
36.901		
36.934		
36.968		
37.001		
37.035		
37.068		
37.102		
37.135	107.5	52.04
37.169		
37.202		
37.235		
37.269		
37.302		
37.336		
37.369		
37.403		
37.436		
37.470		
37.503		
37.537		
37.570		
37.603		
37.637		
37.670		
37.704		
37.737		
37.771		
37.804		
37.838		
37.871		
37.905		
37.938		
37.971		
38.005		
38.038		
38.072		
38.105		
38.139	108.5	51.97
38.172		
38.206		
38.239		
38.273		
38.306		
38.339		
38.373		
38.406		
38.440		
38.473		
38.507		
38.540		
38.574		
38.607		
38.641		
38.674		
38.707		
38.741		
38.774		
38.808		
38.841		
38.875		
38.908		
38.942		
38.975		
39.009		
39.042		
39.075		
39.109		
39.142	109.5	52.24
39.176		
39.209		
39.243		
39.276		
39.310		
39.343		
39.377		
39.410		
39.443		
39.477		
39.510		
39.544		
39.577		
39.611		
39.644		
39.678		
39.711		
39.745		
39.778		
39.811		
39.845		
39.878		
39.912		
39.945		
39.979		
40.012		
40.046		
40.079		
40.113		
40.146	109.3	51.64
40.179		
40.213		
40.246		
40.280		
40.313		
40.347		
40.380		
40.414		
40.447		
40.481		
40.514		
40.547		
40.581		
40.614		
40.648		
40.681		
40.715		
40.748		
40.782		
40.815		
40.849		
40.882		
40.915		
40.949		
40.982		
41.016		
41.049		
41.083		
41.116		
41.150	109.6	51.47
41.183		
41.217		
41.250		
41.283		
41.317		
41.350		
41.384		
41.417		
41.451		
41.484		
41.518		
41.551		
41.585		
41.618		
41.651		
41.685		
41.718		
41.752		
41.785		
41.819		
41.852		
41.886		
41.919		
41.953		
41.986		
42.019		
42.053		
42.086		
42.120		
42.153	110.3	51.70
42.187		
42.220		
42.254		
42.287		
42.321		
42.354		
42.388		
42.421		
42.454		
42.488		
42.521		
42.555		
42.588		
42.622		
42.655		
42.689		
42.722		
42.756		
42.789		
42.822		
42.856		
42.889		
42.923		
42.956		
42.990		
43.023		
43.057		
43.090		
43.124		
43.157	110.2	51.72
43.190		
43.224		
43.257		
43.291		
43.324		
43.358		
43.391		
43.425		
43.458		
43.492		
43.525		
43.558		
43.592		
43.625		
43.659		
43.692		
43.726		
43.759		
43.793		
43.826		
43.860		
43.893		
43.926		
43.960		
43.993		
44.027		
44.060		
44.094		
44.127		
44.161	110.6	51.74
44.194		
44.228		
44.261		
44.294		
44.328		
44.361		
44.395		
44.428		
44.462		
44.495		
44.529		
44.562		
44.596		
44.629		
44.662		
44.696		
44.729		
44.763		
44.796		
44.830		
44.863		
44.897		
44.930		
44.964		
44.997		
45.030		
45.064		
45.097		
45.131		
45.164	109.8	51.39
45.198		
45.231		
45.265		
45.298		
45.332		
45.365		
45.398		
45.432		
45.465		
45.499		
45.532		
45.566		
45.599		
45.633		
45.666		
45.700		
45.733		
45.766		
45.800		
45.833		
45.867		
45.900		
45.934		
45.967		
46.001		
46.034		
46.068		
46.101		
46.134		
46.168	108.3	51.80
46.201		
46.235		
46.268		
46.302		
46.335		
46.369		
46.402		
46.436		
46.469		
46.502		
46.536		
46.569		
46.603		
46.636		
46.670		
46.703		
46.737		
46.770		
46.804		
46.837		
46.870		
46.904		
46.937		
46.971		
47.004		
47.038		
47.071		
47.105		
47.138		
47.172	108.5	52.50
47.205		
47.238		
47.272		
47.305		
47.339		
47.372		
47.406		
47.439		
47.473		
47.506		
47.540		
47.573		
47.606		
47.640		
47.673		
47.707		
47.740		
47.774		
47.807		
47.841		
47.874		
47.908		
47.941		
47.974		
48.008		
48.041		
48.075		
48.108		
48.142		
48.175	107.5	52.34
48.209		
48.242		
48.276		
48.309		
48.342		
48.376		
48.409		
48.443		
48.476		
48.510		
48.543		
48.577		
48.610		
48.644		
48.677		
48.711		
48.744		
48.777		
48.811		
48.844		
48.878		
48.911		
48.945		
48.978		
49.012		
49.045		
49.079		
49.112		
49.145		
49.179	107.4	52.63
49.212		
49.246		
49.279		
49.313		
49.346		
49.380		
49.413		
49.447		
49.480		
49.513		
49.547		
49.580		
49.614		
49.647		
49.681		
49.714		
49.748		
49.781		
49.815		
49.848		
49.881		
49.915		
49.948		
49.982		
50.015		
50.049		
50.082		
50.116		
50.149		
50.183	107.3	52.76
50.216		
50.249		
50.283		
50.316		
50.350		
50.383		
50.417		
50.450		
50.484		
50.517		
50.551		
50.584		
50.617		
50.651		
50.684		
50.718		
50.751		
50.785		
50.818		
50.852		
50.885		
50.919		
50.952		
50.985		
51.019		
51.052		
51.086		
51.119		
51.153		
51.186	107.2	53.26
51.220		
51.253		
51.287		
51.320		
51.353		
51.387		
51.420		
51.454		
51.487		
51.521		
51.554		
51.588		
51.621		
51.655		
51.688		
51.721		
51.755		
51.788		
51.822		
51.855		
51.889		
51.922		
51.956		
51.989		
52.023		
52.056		
52.089		
52.123		
52.156		
52.190	107.7	54.55
52.223		
52.257		
52.290		
52.324		
52.357		
52.391		
52.424		
52.457		
52.491		
52.524		
52.558		
52.591		
52.625		
52.658		
52.692		
52.725		
52.759		
52.792		
52.825		
52.859		
52.892		
52.926		
52.959		
52.993		
53.026		
53.060		
53.093		
53.127		
53.160		
53.193	107.7	55.40
53.227		
53.260		
53.294		
53.327		
53.361		
53.394		
53.428		
53.461		
53.495		
53.528		
53.561		
53.595		
53.628		
53.662		
53.695		
53.729		
53.762		
53.796		
53.829		
53.863		
53.896		
53.929		
53.963		
53.996		
54.030		
54.063		
54.097		
54.130		
54.164		
54.197	108.2	55.10
54.231		
54.264		
54.297		
54.331		
54.364		
54.398		
54.431		
54.465		
54.498		
54.532		
54.565		
54.599		
54.632		
54.665		
54.699		
54.732		
54.766		
54.799		
54.833		
54.866		
54.900		
54.933		
54.967		
55.000		
55.033		
55.067		
55.100		
55.134		
55.167		
55.201	108.2	55.29
55.234		
55.268		
55.301		
55.335		
55.368		
55.402		
55.435		
55.468		
55.502		
55.535		
55.569		
55.602		
55.636		
55.669		
55.703		
55.736		
55.770		
55.803		
55.836		
55.870		
55.903		
55.937		
55.970		
56.004		
56.037		
56.071		
56.104		
56.138		
56.171		
56.204	107.5	56.20
56.238		
56.271		
56.305		
56.338		
56.372		
56.405		
56.439		
56.472		
56.506		
56.539		
56.572		
56.606		
56.639		
56.673		
56.706		
56.740		
56.773		
56.807		
56.840		
56.874		
56.907		
56.940		
56.974		
57.007		
57.041		
57.074		
57.108		
57.141		
57.175		
57.208	107.3	56.71
57.242		
57.275		
57.308		
57.342		
57.375		
57.409		
57.442		
57.476		
57.509		
57.543		
57.576		
57.610		
57.643		
57.676		
57.710		
57.743		
57.777		
57.810		
57.844		
57.877		
57.911		
57.944		
57.978		
58.011		
58.044		
58.078		
58.111		
58.145		
58.178		
58.212	107.6	56.74
